-13227272 16297847 20713224 74781821
-13506391 -11400225 79194067 98387056
51916866 7859874 63870681 67604198
6053871 -6125982 40030492 58607212
-11166878 -7491023 35758559 81465083
-21518786 26764449 104774598 93815312
3419281 -815696 60123741 51806501
-60322198 41854659 47255329 95245359
-40302759 13529810 65493743 86553046
-58573211 46226361 53202032 94045962
69547984 26801906 64027806 66450554
-7679293 -4932145 65219696 72117547
-30277605 12884823 58686330 70365645
14102202 72132655 60083961 54158898
-5467987 40554774 3566404 82779973
76157414 41433181 50457137 72847119
4062173 3119362 67270551 54375360
-37394274 21027966 55522300 66174995
80701360 37707911 30817801 93305310
11246220 25123620 58245267 51094823
-43138167 23402606 47120856 71180412
-16349401 16577647 55974187 50032547
68556755 60989580 55074095 86054876
4899539 25064154 59477492 75499173
2632024 11029821 93322299 73946806
-13500197 21681991 84169037 70273981
-31670584 22638310 50248779 57349120
27591550 37572867 88891411 55490278
-27893774 21539545 36926729 67993449
29883482 73478807 65796908 70593847
8034244 19249405 62526089 87140629
-20127809 14189913 84261635 84485887
-28100397 18786932 93373803 96973629
53830403 5068851 56897570 65335923
-7742147 86054562 54334697 84175843
-34989 40662003 116918452 93659851
78703955 22509306 68509019 84380117
-45125668 21995735 61052250 78468924
-51287180 42880931 38318699 96173402
11508549 27283605 -20391777 80165825
-1413148 -1968955 64556769 62225230
2483076 80884108 68430742 82876130
-38090557 16584347 30946427 89125842
1908953 54484575 92643825 81263828
-34829742 5492692 66253691 89877580
-41472476 26994218 55431489 64196093
-37975656 24472009 60452466 68242473
-35457633 10522911 56610770 75832103
-458587 -12184152 75710688 82639799
11082576 97847214 56993669 79803064
-1183720 30605723 53381299 97817854
15069784 -29631897 78620046 87468726
10933967 23961524 60833788 66752642
66017256 17401075 58523811 66816442
31993022 -260960 74647723 66578242
-12387801 70997430 44289626 79419439
48513017 1268080 29454698 81745898
-475538 26365260 81785315 50182389
-5410271 40803467 82404568 64662731
21852936 -57025782 46899873 95934505
14005440 25177705 102909649 58012944
31497565 49225990 68275688 50433863
-12994635 2988779 35054259 73517198
-12069764 -6836646 75786983 88979835
73284743 15944990 53571754 70587944
-28934147 -6305131 64695490 94221111
-20423574 41365510 62413512 60247234
-46734112 3294451 61795221 99521251
14512789 48532594 99973666 70037815
15774605 30408366 62746280 68875670
-21386295 14329740 54808986 56151892
-9339759 33685746 50737748 64144672
10256598 79841049 60008857 65637650
-30113191 22556044 58352914 60196575
-15567653 24958081 65045582 49941609
-927685 -10301730 64000431 69516203
-33330935 28092516 54728586 54253635
20270866 105900515 56077085 83682901
-51121743 25256917 54282458 74433967
6393187 4870019 91580226 74603387
9381041 14777493 55512424 74101770
-41952289 22022607 33027902 85467421
-12878204 47171224 68132307 64226644
-61307467 26928676 54403675 83069034
-46203980 10883818 65722345 95328891
-16069397 14935896 74469626 69889595
7252648 17894345 93055513 62194863
-55095562 26282343 55383510 78483080
23294590 27414364 114831209 70387862
-92100430 -56568973 59818789 72262474
-42147650 23165313 60841977 74110842
-7887321 68561129 79947838 92440823
-42050937 22774878 47005851 70835888
-21092451 26913010 32393025 60352232
-30122066 27679182 67597740 64326980
44179107 16448568 79887024 67293980
7294336 73269945 56481360 58501358
74730623 18111180 61188697 77484769
-33536803 23807387 61182435 65198313
8086240 96993505 31968404 97262466
-31260734 972277 73455904 98030748
-16207877 6235782 76486785 80745320
-35518160 23059080 56782095 63527524
-9625578 20801467 20753609 66636107
27718602 20361346 83358602 50392832
-16379476 -1505849 61823387 73995078
-20874023 59395269 50685611 69907286
-3722841 39913791 78737682 58418657
-71381708 23022609 57057242 99702718
-10913832 -286277 53671225 59157752
-27968729 31060315 24835511 74517275
-41719329 56101472 56782459 90647664
3323360 -2849750 56626983 50440094
-2863449 52897362 59032672 50837891
-16881225 1973529 77677944 86872075
9174609 -23115652 78308406 86535806
-14460401 3914839 85980607 90812550
20293283 -54348640 50096610 88500987
-10527138 21240035 32551352 55301509
26025208 -43547302 61250153 90499089
-64204422 27460208 56531990 87562547
23384861 -9933268 57059306 50053969
-40240459 25037081 59249078 68739132
11659767 -20244173 58142807 61013848
53037165 9356161 45583584 62053342
-64840368 13516576 50346675 99542814
-21841742 18114205 77599313 75613209
-24623082 10371350 64969642 73507829
-28767252 4993691 53215531 71275618
-17678520 9510565 55020228 57474557
5533890 5676612 75935511 59011379
1498074 32340635 110987489 77874652
55266343 -4657553 70442938 90043275
-4322130 16689835 84331209 66249927
71739345 27546829 54303896 58173304
41380841 24530618 90991514 67518269
16181645 52625452 80936050 53424248
-34116732 16359291 49258517 67064649
-19120039 4537234 56124628 64993915
7989853 -10624793 54892159 51813837
73601626 27497901 53947800 59728461
4231911 -7899644 53347464 51301820
8693998 27778646 35635051 70945419
-49759617 32759512 46984957 75857940
7112717 66484215 55037522 50453435
-44332871 30281421 66387926 77046654
84883382 22278512 56865005 79146329
-12835357 5424947 95954713 97651502
-66050519 24330007 56540363 92547221
63372049 6978156 69507884 85578189
926128 23983825 55020171 66648742
24746812 -29957761 24349568 94310728
34600259 46205741 85531999 67772589
15093483 24160376 80787248 55016460
25743862 11807574 49617581 86988586
33623295 15702298 77924557 55521965
-15437607 69444814 47287234 77918888
-52079269 36227947 59861529 84213555
-38668764 12220389 65930226 86664944
-5062122 7938000 42915497 52774272
-33825876 21754031 56452881 62811084
62200402 23753397 54833463 52956891
70671841 32076156 69131621 73314141
-27704910 33597318 54768764 52115897
-24862425 25452416 47804171 50171492
-9908529 10611220 57175711 50759408
-38475032 19329101 76273655 89706032
-61781612 26339345 55409968 85138655
-46136454 22724308 57100592 74799412
-56364781 19473725 63409494 94587054
-70969794 26035525 47588917 95910950
-43698890 23407331 67231760 81810287
57892493 34060047 8346534 89319679
40967926 3316989 38953127 62653478
-25706204 18551420 70544406 71985630
10217743 -16836342 76400174 77305500
-4396419 23291806 83745717 59136678
-57384850 28067639 50290706 77592104
-5024987 -5131162 68771711 73214836
1333608 48379249 94107203 77197359
-32248689 26856679 40267544 63690386
-17373848 158741817 -6981638 81968745
-28299359 9877609 57786427 70494541
7804720 2513386 68942575 52910956
13803496 8968719 114304238 85818432
9900731 83456346 57756248 67356248
12937568 6239700 110707765 85817152
-25170510 15253459 76182183 80385596
-26480690 35000471 64214913 61740429
-23837565 -9362700 55552190 83038816
40967018 -11082178 73710085 85435884
-25485843 23780963 82620858 78612368
987375 21792282 11000879 64785062
-24125410 30706181 84775204 75651168
-17416584 31412027 66692410 51565412
-15363738 18625429 60203102 51227763
-26862499 27963211 60731342 53917027
4513436 -6486603 65917864 62177439
6679914 2255476 79192453 64543534
36674021 22742569 49181520 62379446
25980595 -15915279 64395483 65967774
-24652996 22293006 49627644 51298118
1459941 -32576788 65018155 90421363
25980830 3675580 69738851 51720702
8011735 20213982 6385025 63954863
-80566232 -84375255 61231127 69949981
-19694997 27245771 92954718 79690472
15328027 44479569 43277059 88404542
63997090 22598239 53767827 54843653
13346930 258848 98423766 79104394
-4718799 -12237991 63538472 74781626
13382999 27595201 73408871 94705369
67724407 22990976 59844968 64254813
-62586683 26127716 56610575 87356227
-4887162 52822196 56211680 49965535
-8421599 20661394 89085630 71132227
-8794893 14436792 62413382 51057839
-52610602 20797206 54402304 80502132
-18143943 22747845 64151234 53833751
-29565296 24502810 76621867 75970821
21194877 13113981 88226513 55984125
13353245 23617364 59229273 62779630
25955854 -7141414 24906542 72146597
64081330 19248409 41038256 67750333
50678015 -696539 50394696 64935517
4106820 53464589 73947874 59350037
-5499152 24946545 86809073 61648146
7616946 9849895 108492152 85311655
82871314 27928736 57159585 71778657
-105745937 -18798877 84085715 93780018
7225952 27046594 59340737 95030914
-26209937 37866352 60174887 60295565
-47579374 5754700 50264480 90126054
-10581294 17009650 76956200 64814367
-29595885 25194214 65984272 64672302
13013947 71784401 86571291 81386185
-56809190 27854532 61090769 84331770
-27094875 20095131 54978908 56265059
13671133 22139954 57527690 57594416
51762285 18006647 43094301 54617019
-56588171 15739983 63272363 98407112
28125788 -16543374 71148556 75494397
-21185895 5536455 26144945 88070225
7065916 -20122942 25739171 85883449
58918041 46694049 53902605 60949105
56656893 47980576 67406312 73478388
-19469455 9496862 92729454 96988394
-30004331 20753320 59920818 63458281
7193565 -32826203 66569268 86488338
21464569 -16940817 56396940 54479067
-17873220 16885286 81074636 76348994
14712932 21194090 106174198 64553544
10288422 64466011 3223326 91277869
-100231912 -43500137 66142302 51147992
-4275362 47541543 85000473 72861855
67307358 16995957 56595064 66583041
-46261218 32613515 63741865 78661440
-7439498 -4788460 60919790 67434180
7803474 -36130174 72873696 95486893
-7641153 27835038 46929418 67669890
12654478 23358702 95841932 54115210
9185385 26888149 38673515 63376799
-61651781 28106676 55844243 83675741
-13519375 35555435 71662540 56781714
-37391791 16638636 39340929 79977819
1172653 -9206978 59566025 61886786
6989042 17184005 82776569 52889927
81099318 15445259 65890192 91220793
15000342 -8001647 63940949 51228967
-61053708 21680455 50494424 87444465
34207960 18362987 11055821 68744860
3221510 68945969 64752196 66521004
2351138 43300372 53791790 91320629
49915082 8067495 56303858 57828092
-71085422 15107462 170784739 89259525
4318778 26271552 98348350 62044506
6180531 42172350 57322489 58788187
7773262 19084696 102489338 69917866
70592 -5857043 89384625 89457534
-26789136 56547401 50527965 73132188
-139890929 -562453 29927153 85003925
6017091 -6216290 61525897 56011441
-31384358 27641647 53999624 52029004
-17329520 1924513 37534094 76436537
29994734 -9445913 75296709 74413773
-12698424 5366584 78812547 80430784
-1445908 11748180 68723905 52708292
-33636732 8678235 61208476 80453346
-13226880 913379 63960764 70560766
15443643 22280937 67416120 50169930
-47348322 19600217 58249763 80284388
-34381333 30373432 58830040 59629158
11909332 18996110 65427095 76914752
-2023488 -10267615 55631076 62208705
-10089539 15498629 27769202 65387466
-62673836 34941182 62222677 95882157
6600181 -23267928 73339911 84294276
9595972 43073762 55043702 83542397
4176673 -19425596 63393311 72928593
-3344282 -1632552 10987471 92555427
4666266 27233219 137166313 99553327
15301563 -27005309 61603076 67593248
-38049609 9935249 70749304 93150075
12205336 -52066729 62744732 96892471
-24510700 36567375 58410779 55533361
6578773 -11654313 85773118 85135054
-8516653 -1839540 58319117 62961660
-11041990 -1192809 88695642 95216878
192021351 -2176389 47495147 87402933
1286599 41281410 91703694 67743209
-25662743 22093043 59848270 57704324
15689719 10285161 127466080 95777804
75077422 21644224 66549143 79658752
-25029734 42344037 65853126 69271238
13334329 53317789 115993703 92021532
-12433545 21510131 26403937 63085268
-52954182 31891003 47237683 77931556
-15080705 -22997297 56821786 89186143
-4838577 10952465 21566177 70885540
13861079 2732805 87424428 65116918
-11085837 9826648 98691981 94237900
93916995 12218032 55713023 97088411
-53043530 40984764 62983536 93056175
-4718229 19595880 81481102 60890180
10617070 28056493 59393193 61532284
51150219 7296263 86051959 89582447
37705186 64010975 73899330 77050456
9248203 -23309134 60698061 69045341
-24174694 21465546 77306874 74302690
-67648358 24980684 54960808 91914894
-3091456 69854767 88646369 97637331
-13320489 27801337 57037365 54857986
6422999 11738606 118857251 94982310
15855580 -29271402 79403129 87105306
9227102 39709091 113201344 79728061
-38783429 2424700 55286316 85931533
-48135266 25606750 48087146 73007583
-13635753 25688677 22925294 63587422
60449991 26878135 94640888 87889419
62970292 21291464 64169248 65525192
-8994323 58863171 85078681 88980619
-61773240 16844514 55503583 94718872
15207115 -166706 116312101 95558356
-33335942 56103493 48229566 81533459
-54965383 26394103 55302209 78160226
20719857 46734795 125576371 94466072
45527003 -24132148 63559067 92894944
3146145 -48095012 60498035 99733407
-30561478 5434840 27263646 96428637
-3256577 22634918 97475610 72383614
2275145 20889828 49570517 77862087
-14001035 4714861 49703654 58148148
76441474 27053324 68157764 77222374
-2940865 8178590 96421899 85470521
81887751 13804549 50713041 81325820
-12920363 13040705 101245070 95411212
27183403 66731369 56215053 51564237
15652871 -36895324 70756387 86285225
-26518106 -548181 66007628 87360586
56170703 16356732 54210168 53700943
-8930703 -5913895 71983399 81114514
8302628 -30103295 41082235 79284034
13460279 13793987 67946572 80617272
15683663 30368517 27828089 91896376
-35203243 30586795 80712014 82546393
32844436 -14889823 53374997 60785843
10856334 111388861 55814685 92391566
-11802529 86576166 53241317 87664430
-1774137 -6948380 34732736 72555904
1446007 -24244012 57787132 74871677
21242150 18814181 72141636 59120965
65685225 26663735 66403744 65102024
76436591 23385147 60519498 73247469
-35527518 2801982 66399412 93411418
-192690245 21968016 57906515 59458250
-23509456 4514857 58400520 71681487
-39727790 1135383 50179223 86978881
-45459197 9591817 63165079 93318848
26722721 20992409 -7097453 76783592
7950591 -9769151 72428463 68533395
95961438 26495638 35114509 98306954
-31753956 9871231 60284600 76453972
8610676 13006825 87161414 59830280
-41370205 17954335 61259174 78961605
-50138702 12718130 55220668 86927647
-14252839 40336943 84890164 75524480
55467151 20331293 75966252 70778542
-2233300 1092184 62090711 57518208
-48895743 16807638 57622868 83997602
-46491523 3454711 60666880 97990509
-25416436 4155410 61785443 77332818
-20763163 4290208 54384988 65144925
32653959 5999182 20621740 69988746
9863070 22799746 56074858 91189064
-4736993 65651067 61520438 67953095
-31251100 18388004 58264550 65414005
66520209 45472377 61887186 75314186
-57554587 22947566 56962370 85855771
-8445127 4529811 54506848 52708619
3195507 23588246 126677342 94179985
-26483648 26221686 71713594 66261969
-19146908 27863744 65090497 50660017
-16250084 68806317 58231711 79332626
-42343944 14317411 55879981 78193261
-29946367 23397696 64746488 65581674
-851573 34138791 81754494 52789264
109137229 30378815 55647502 96597971
1760485 -35609944 54166304 82302195
-1861773 14836968 71009161 52320311
-42131032 16872828 44854944 78968927
4759230 -5163936 5466162 93504562
-38179948 17806048 79296167 93956691
-16848153 18237344 8914580 88261851
-37964228 26798892 60042507 65494434
3942670 26971485 107565153 70937394
12785113 3852456 88641816 66290636
12575849 -18217591 40259983 63947595
-15804233 44067613 59268845 55185064
-53677604 26948505 53339583 74355057
-28433883 23812164 31729198 71458129
-22300571 25512344 105775714 96850377
29958257 44894886 -12164931 92731762
-23515990 21972424 60251458 56081375
27401876 -29613534 61107484 77799426
-24145850 16877657 54523688 56078354
-26301218 25378030 36678648 62810558
6146305 15389588 54288191 51392905
58926413 48793147 54236374 63391015
45228341 51272641 76795480 74731051
32352541 -35744599 187964978 58125218
-11935786 -20755929 58228605 85206674
-54325091 33506431 69827336 93703246
-14986381 8768340 85621206 86125817
-11342806 9387149 86643269 82885523
1272111 -4781015 97325461 95120977
-10787126 -15229432 65280057 85582988
-20899892 10538918 59045616 63693062
-15079090 -4709758 60661058 74736258
-29062740 -290768 73045270 96685166
-29477432 18150048 86092512 91706267
13644072 -27771939 71137652 79551953
10488453 -8883504 57816467 50498234
-7268374 12060369 67142769 56637285
4891900 80245450 78494935 89892909
29854207 26815610 47156920 69429209
10346634 3849510 84325426 64415990
-49591203 27007507 67026955 83897004
-45614721 2287783 62175571 99788988
-38907362 66325993 53537964 94816268
92100489 19747118 49606180 86702862
2882070 43971460 95374241 72508273
40542159 -9896303 84222997 94338221
-26351903 5442872 75619316 90814693
823991 11918690 78016186 59559868
12684796 35858111 74352139 77261679
181340 6657913 34482656 57243683
70415946 26389270 54756365 58459551
3490394 -28554948 64809037 84160020
-39607236 24463418 39490468 74218992
-16987993 14855888 56071078 52490249
39315098 154372352 126569463 57262654
-15746847 18955761 93273672 84351236
22892403 27294401 117901256 73175805
-11876276 25234490 16586189 68621268
-41166929 5104766 53277118 83625665
12232456 -18852424 67799955 68706321
101355812 26509845 46050425 92751213
-49483096 24595018 36894312 86559450
-15122065 5240303 79606401 83774552
-14340811 35812708 39345992 51131251
-27745393 37476072 64368304 65634178
4219127 22408885 95779086 63437522
16052898 18182905 59654946 99125784
-18736105 36677576 63939100 55397189
-539276 -16196639 65021027 76043409
3682681 -6450111 59841708 56895761
-17030825 2155543 48858074 64582990
-6208260 -6313813 75147576 81956095
10455161 -3399835 79010467 66241544
3400684 -11068365 90151323 92105383
-10185362 -5012124 53933963 63417802
46498658 -13364372 71661161 91200605
-27002773 49769213 84039860 96856204
6174084 -11897923 57253049 57263291
-41553544 26251962 48182580 65684638
-1737845 -31597747 68463810 96085794
-4887452 3291032 58665620 54548459
10023010 19753068 127228478 91738799
-3525856 -7197264 63172285 68181929
-9502075 18243949 30475548 59348385
-19222554 27831195 79797681 65475389
-25874691 14790977 87667992 93038053
-39318281 27798934 58194118 63999865
69187841 19753638 68749735 77860378
-126237325 14713533 113222480 86449956
-32591992 -5509381 56000280 88388024
-5813340 12913548 93051300 80237496
71664799 -1896613 55443097 88681218
59926145 18700828 35686193 69494918
54541516 -4502742 23608768 99391205
2730356 27210986 96755412 61100719
-23079303 20276672 65727709 62816807
25491527 2431370 74901441 57638039
-37956025 38914422 80812106 93726924
-66651937 23724346 59243202 96457155
3764374 12715195 98403457 76210486
7116832 -10998510 68704358 66872596
-44505333 8239479 56935250 87487733
42662295 11451016 59201384 50089109
9108114 61950156 75104406 63990813
13853143 23612173 141694886 98515945
26655729 81170378 86026104 95286973
11512331 15608667 56155570 81552977
14491207 -15679555 84899750 80375002
-10037194 28072091 73799128 50050604
-47827686 15737209 67329059 93705898
-51915242 22840008 56609898 79971649
10646658 21586305 42282430 63855729
12072416 1409318 99377177 80181881
-46101698 23834224 56753408 73307257
-22672939 39311077 54095864 52124312
-97860415 -39933389 81896984 71790727
-32235347 12256798 39766147 78778303
5717574 6661425 72154660 54062176
-28729679 33814979 68719660 67308673
-20142051 11758874 60734164 63403839
-5824669 4885853 72893965 68119183
5293162 34483781 95192349 60427511
34115309 51405432 77399646 64354898
5601869 37867215 53829832 68812316
-15470610 -9978726 70786914 90522671
-33186830 40295400 76724347 86250976
-45965082 17754475 69686191 92183388
-28178368 39023405 61762383 65008676
7711736 -24041352 56890043 67506029
-53149885 8400266 54705948 93741953
52711664 2962797 32311353 81393407
-50857451 25323648 47547025 76552470
-15614499 9698956 71023730 71225700
-33508271 26950806 65108458 65952513
11329412 13182856 95253168 65027258
-43204060 3920755 40582961 97265937
-4045018 12771757 84663349 70223028
-5790137 43289676 102325439 87449826
5219894 -18376399 66431150 73874063
-11206918 41610088 63761558 52622906
-58961578 26071977 49717372 81738444
-17672803 61918097 64891059 80526939
38625022 -17134521 68476139 83912219
-48353438 20614663 71113380 93138498
-7529525 -14683979 47915647 72863475
14892024 10718373 81893659 50569618
-17290819 42815490 58716430 54867144
-49546660 33616016 77911186 97118464
72820832 30830112 76858353 81943715
-59476394 39493610 41567221 97726419
37371099 -896782 76766983 74711355
11715313 43371701 54450120 68207404
61021040 18980009 56238571 57956017
-43862954 136096941 8692251 79887167
-6270521 18704139 24249841 61882264
-51349323 34623008 66098528 88115384
775013 19317544 84276013 58469858
-29775635 21770022 77439905 79732033
-24544787 -7182582 59146961 85160711
-52925799 9841652 44984827 96664911
-6700439 -9506080 15629111 99143087
10385059 11670171 81890340 54121537
-3889005 34110996 121321697 95366081
42301365 -3079365 74573037 79630184
-45230082 22629666 58682987 75569922
34918492 27941424 127860320 94513811
-5301260 18351098 54355296 58738441
-26739358 -5350533 71068531 97444770
6791684 16328148 21219787 54226208
21274426 -12154702 95088727 88194423
36087713 -3528664 85016229 84309021
-44472146 39955275 57918697 78390474
34362008 -5750907 67382582 67172026
-35546435 27181622 96600598 99251805
10572907 2815929 71897963 52795599
-7878425 -19532814 67115254 88812941
-32371480 25944664 58199070 58912303
-29732861 -6120438 67553446 97693100
11981162 53347354 7896454 73793378
187454762 -7532639 64524260 84928791
26919591 -11696651 89189681 87482339
-58127483 33415006 62502804 90089667
99783301 26565293 54065619 86960187
-39558294 6242655 70939656 98541723
-47911048 15020272 57909410 85086650
111449352 27870286 54904401 98160468
5953793 21726149 83609999 50216531
43855147 -869028 63445061 67845717
-20598747 62565799 66939419 86148702
73884895 21804754 56287764 68044845
-45673921 9148033 66894106 97706354
-27137495 -13433530 58206690 93064074
-14380511 -7667064 22771716 97841484
-19059336 7763183 77623843 83206850
-33516414 55029176 72983153 97573288
102648086 27723956 55892803 90493411
-17958482 55322348 88088119 97413443
-29116376 24971191 87165474 85597064
70576363 18741980 45439050 70351035
22790755 -29451967 76473449 88392757
73145555 30137296 48143159 60853392
-28133116 -6860494 56185116 85465319
-4031138 25307893 98385302 71394890
-7224696 37443019 82043195 62755253
-14867111 15706892 87367568 80814333
77295737 58104384 55847915 92682840
74693272 24753518 77248156 86864892
-19227390 17568621 57543164 53488928
-36603902 24194838 69486632 76182630
-30134629 19859433 65855323 70417105
12830214 92344432 63429449 78988565
-12335796 -7984779 70421328 85028258
-34551450 59879435 42220419 92534135
-17304598 14341223 70764327 68014126
-38277940 6027667 54385223 80921844
-33451219 13619781 58442879 72560672
-18587535 39822976 42549885 56184336
70236133 51039716 60881191 83591455
-341937 -34195289 57806494 86630084
-24014016 65085505 72731123 97875132
68846815 10087276 55813534 74249597
9287989 20895024 89384356 53487863
-31076541 44446410 64495278 76062603
-41658182 33131813 54422773 65257250
-44931289 22810814 39892339 80793749
-40168518 45473829 62135222 83821913
-51491955 -89716819 72567560 55379253
122683230 138132149 50412613 83400698
-42288201 17200079 74435505 93810039
4180265 27912877 50515303 77930631
-837719 1552490 105494256 99065922
2780226 25905266 67202024 96324486
-25069725 27765019 1213495 94657029
101217148 40428958 50161149 97199038
-17239066 17831580 61032042 54725890
-16349047 11783866 64202796 63054474
7478836 13870407 98660196 71597296
-4706203 56359859 99953416 97063867
-13404096 9216484 88221720 86695763
-26484477 23794350 66811956 63788434
5983289 39315413 85641574 55018155
15875776 -12098782 60578608 51088087
-19753141 22027203 70165145 62177426
-5782379 16952810 4276303 83118946
-33446264 7665298 62272195 82339581
-13827837 27679699 53784075 86550464
42389528 -3378414 62593877 68038276
-27540051 -19474544 53303001 94604083
-2455176 24419031 86529377 58851919
-483422 -3116538 75739904 73626625
-33719721 71508565 55338464 96611195
-14450672 -22367860 66683736 97788642
-50962570 26181427 39096846 84250346
-23209780 69461503 61327128 90042869
-49786300 33556358 78776745 98163865
-31137051 22562800 53221544 56082148
14567824 -4561300 107190794 91470642
-42011350 41633592 53455322 73144605
-49161778 17158904 60464039 86753466
-32822913 26995631 39273004 65119904
56109102 49006911 75281303 81831996
7777511 -20283192 62663715 69455842
-48633731 26066167 43710403 77422796
203427 26197953 84330060 52215094
5989623 -30968645 56423553 75688921
15774769 -2490301 104045493 85047878
-10797721 74002863 60091975 80937061
-22773733 76076469 54791624 89686182
59204647 4464992 82039589 96455664
8756140 65119960 5559049 91128370
-27589998 39278835 50451129 56741321
-19744255 2728391 74858830 86161125
-1273648 -2305861 56801986 54667912
80414138 19265258 75312957 96138472
-17362721 27534562 110559923 94674426
-24044722 22649780 59547353 55229001
-35673855 23698134 53843257 60105608
79911514 9612570 66092787 96068156
-65231446 26848195 54078606 86748271
-37259327 -739268 57743241 90028441
-39879049 23910375 38498239 76036138
-23298462 9862923 55066919 62788913
9952092 39371381 3037393 66705536
7182206 13735387 23465181 54182861
638881 52508290 404895 91788270
-51236377 21646748 63860739 87736788
13982869 5491193 97729015 72541654
-11160636 39147183 67802045 54154209
-5389564 55856125 53187558 50477588
63339994 55031474 44920268 79165157
-12961877 8762870 97110860 95596528
11794229 52808427 101840409 78899026
15814763 26849810 145147223 96769082
-3464288 52374482 62711910 54595024
8958350 -5837679 61410000 52575723
12350793 21765083 54704572 63491290
-4506742 -19048073 70393925 88235122
44875356 11806140 60913918 53659545
-6989782 35098553 9524735 72887227
6171477 19631372 47584083 55648517
-22624936 23212866 41277008 56700712
24340425 74572938 85585045 85932870
-21683057 19403014 83345669 79912487
1223473 61244824 94679948 90745643
54746248 21464864 79335618 72293471
-6894499 19071635 96681843 78791283
55918970 9658524 11432071 98784045
83008953 14863047 56921732 84744073
-26271580 16099411 61130422 65589047
-3830148 17576577 85028559 65568701
12227491 45834425 126510051 96161743
-11076626 10793332 81773915 76343555
2009993 82240277 188602930 64314812
9534326 17398305 61319652 50742839
-8299425 7686121 59538786 54438440
-15597425 -4052136 53672239 67608143
10330462 20689782 64006045 53195328
56795686 39864378 57346449 55440976
6948366 17310527 16083430 58223337
-836001 16120518 100846167 79848039
-24477505 27285109 62164072 53642916
-49280127 19229460 66769668 91106690
-26219768 -6323893 190823252 59393126
74835538 26866780 56376539 64021720
-16890357 35045112 32388268 59870816
22376542 11514272 97806711 68345656
86794202 27928087 63256482 81799198
-35510186 15438922 85156377 99514057
-18055541 19936935 40755898 55928459
26459104 -25779867 63029135 74944535
-29102727 23782595 39393787 64491959
-95187142 -22907152 91271546 60528266
19328942 20736526 70994031 76331857
-53779365 19932357 41412007 91000688
23247893 14155843 81852780 50621363
-2227504 -11744489 46917206 65620381
1004986 2979727 38757998 55822906
-18862570 7094756 86844843 92899135
-46842216 26311232 54271773 69089328
14223643 27691641 43044282 63528465
-10626682 27883558 56710082 64485597
-32242712 15182508 85576943 96923723
-13991222 -19672185 53759264 81709137
-23292457 26357470 74920801 66142181
-34603713 27647215 68589810 69832940
1935455 -38769233 62931774 94052422
75271398 -6357035 56123900 97428771
10367354 6162154 121116756 98873597
-45131358 20990300 26663302 96043374
-73061694 -30214951 -18117924 85986609
11248097 14799241 87423166 55662689
-17372211 -20466873 58610227 90735654
50873708 12447473 100463270 98565927
-37622567 27300648 54168526 58776788
-7847629 10849840 60968132 52252340
-7037589 -9796412 82105913 93226458
4972548 17276551 57096320 54605252
15978215 26272871 74114009 54937397
-30084432 21589666 71296365 74077487
-46510004 39931869 64938126 87424713
-32226266 20052765 65117214 71577337
82363741 27902901 58161135 72298733
5305422 901684 86086185 74165579
48957672 26351123 30645325 55917094
86235418 20998299 57685024 82598797
71496085 23640966 62873569 70405111
5880425 20187249 94204105 62422842
-29365617 16603985 36789544 74537693
-42457700 24313044 73212288 85643288
54673606 27732664 66053892 52671382
-62799755 27262453 65190838 95014496
-23925330 22045008 57315947 53482645
-47059010 43928905 36684818 94626941
14083382 -26616590 90792246 97612254
3525477 34731412 93400144 60650432
8510738 -3436748 80490410 69702764
19485969 -2877291 229449776 72788665
15764029 26329548 65946117 51759575
38416571 24100713 105874310 79866592
-40744962 24031010 29698180 85581388
-36342927 32243121 36041314 72868426
8758180 20311395 432350 69064250
-3925420 -782507 84185138 83179513
-6242993 18360184 80863220 63032373
16136436 47006635 132469899 99384439
26599428 24534948 1479158 64541135
15872361 -2187418 93730998 74332497
-1021700 10089644 106933891 92152332
69300311 17887056 54184783 65274675
-2169318 57854619 79211069 75279355
-55141347 15039579 53239358 87627522
9799317 903823 75625128 59208430
-23920895 42761805 85454637 88181733
-25310429 27139665 78780112 71237381
-2063513 4927415 67643989 59066450
8260980 11469753 75930546 50486193
22050629 -20608748 95990105 98325956
38513844 47792039 38774091 53245617
7204431 34696079 60456557 72848271
36065741 12643169 79941554 63040584
7111458 5160850 92156665 74170996
-2081729 86378062 67444143 91948456
-60307642 23144527 56370527 87820165
-15162772 -6460945 69910825 85820887
-53463337 15968140 65011170 96792981
-18680056 16458296 65476620 61985048
-8379831 14383111 78513126 66796263
-23334948 11152755 59764006 66232578
-27448826 30881792 55774182 50149302
-10127776 19915683 66511534 51009971
-16337688 -29863713 59007146 99494940
-24174868 17996072 84461961 84927158
63799300 27160765 3038522 97555928
-27450758 18459905 69831022 73108526
43139138 19218647 103457106 87054171
8230605 9297503 60661237 64540623
93531001 27656681 64996248 90546989
33711245 35330954 53544274 51057393
-11821881 -20018266 73343546 99470066
-25709858 24200836 73518023 69313428
-8801232 -4864353 77644582 85596522
82835543 13534284 61446481 90424240
-30006955 23645900 73674450 74321850
-8484475 15589561 92845416 80026756
-25791125 12680797 62849144 70245820
-42404962 32395103 53288173 64132659
-35672760 18636840 48728381 66873310
-24334492 45665421 57221166 63265423
5040193 101772786 64564517 97341640
-8429797 -3723633 58748416 65188244
-14272972 6630553 55489444 57418212
-21234496 23739774 78722066 70503290
84207541 23747866 73577981 93714072
48635143 17918239 93140902 83534701
-65033494 27832457 56799615 88287195
-55459696 22798062 53868721 80816712
-22254486 25433916 63497391 54604363
3608153 -20104883 71874355 82657633
-23556767 5007987 62916308 75751725
-61393787 28026254 70071730 97725682
2778420 24469493 105391252 72430269
-12976270 12305667 55380537 50337936
-65354164 27233772 64665307 97072228
-13155133 -10952598 61843933 80238012
-41917549 21137157 53289467 68356355
-57214440 16659287 53304191 88145708
10070653 33112628 95749365 54835781
48702484 -15723717 61503253 85606234
-5773465 26097753 77384001 51346056
-25876944 27903464 45997447 50542107
-5385516 47674125 64398455 53502529
-11503246 23810022 32626463 53632371
2872523 64314988 93251495 90738309
-31394318 16869161 79889406 88701043
-17321083 21960374 77802219 67449351
-61546352 31404166 49216193 84057972
-7634432 62234384 84222854 90136150
-22770099 1655800 53254239 68654903
-34574303 27902770 53293209 54251142
-4188997 -19686628 57128329 75290342
46357222 -79207276 132600107 64508400
-23014987 21865078 61156624 56592905
27141210 74136997 66099573 68812441
-29034816 36189901 53532457 54801520
-26066813 20541737 63564923 63376385
12740865 79304456 97008417 99616406
-20965705 21496760 84775103 78530401
41116767 24505452 53474881 63982736
14490215 1876384 78284108 56203918
61066202 27386201 57109747 50466572
26044761 27082541 108700367 67339050
42990228 3054063 68914314 68527249
8120734 23930218 54559270 52786305
6472980 22010974 -2861891 72943547
-15768189 18049273 38912463 57372045
1479903 60344057 63606743 58515371
-31474170 5769988 40305624 83964514
-13399016 8136036 63758387 63307842
8102074 -16009720 72864456 75058474
54188302 19205178 68800763 63460537
-42502372 10553914 54885944 81120786
-52972261 14831931 47334280 89371840
-10483327 2513549 88232662 90488810
-20552986 769422 60401874 74472159
-35882984 16519872 55268412 68918080
-6961059 14931006 67490638 53807057
-18599780 8285984 66767301 71367469
49105604 3311769 61624549 67094964
15875054 15334464 -4459800 71815877
18873923 19075107 98151179 57626407
-32903775 11427070 57469741 73233246
-51808112 22283763 64935996 88746742
-72628346 27930144 59926690 98911603
10558747 94754225 64602706 84842720
679275 19851067 122815406 96571711
11134668 -3135854 70928084 57215675
5059774 -11895202 12534655 92866720
323347 31796664 64409783 57661511
-7559790 26552586 58849867 66199728
-43661653 30569362 55163516 65438878
-33991101 45575765 53256398 68867659
6057401 37633100 57447853 57535145
-49599501 9012530 58632421 93505900
29362288 51604713 72431978 54833482
-14563200 18486964 80887549 71250312
-73176644 -45708792 109725126 70906779
-2804550 -19268128 71750043 88109066
-38541001 20602709 72399252 84624014
-64291941 20813039 50947995 91096553
14441364 -16822902 34750830 66196535
1873975 11530855 95022747 75904308
-7043819 -8346740 24648093 89308063
7462880 50304587 115164187 94050252
74429537 36073782 54379657 66317415
-3043804 17799992 23779844 60029610
-57106008 30165374 61886716 85202452
2401020 44558214 74876123 53077687
-43199654 23859307 66056618 79683516
-49615535 10174305 59687463 93415153
-16129459 -3308935 53195335 66920268
-2246123 -1907886 79977124 78417550
-49583668 22063982 54130273 75936325
18926406 -29380824 72893560 80877274
2935898 21599103 86756752 56508181
-41851257 21963043 54831194 69005759
-50123136 25398222 60735739 79747033
-5771874 9958241 76946170 67046237
-17498577 40060768 57698799 51302493
3146275 -31349374 73378416 95867877
68864525 18158048 66482266 76865166
-11994529 -20864266 54669341 81814943
-24754695 10943936 57232522 65329624
10979681 22899580 53213783 82919474
-10400022 24288863 -122827224 96841823
52921052 41898273 45442678 55090578
-35512029 15594922 51043947 67439078
-33359087 9499705 65863724 84009590
-1610850 8701387 84648393 71844199
41349841 26961917 -8577822 86921891
38458006 26658353 56572722 54295611
39964033 54019893 32205292 67492314
-40470790 8893020 50876977 79266498
52808171 8873168 86916509 90528001
-63939273 21476933 53291498 90040187
11405514 72500792 35808386 65610570
-22183176 6446622 57431270 67454195
-55041014 40487761 55139837 86713023
-10132421 21817318 88238251 70839698
-19848139 31781431 23643635 68310052
12153276 45478072 60562350 60433863
59658757 11080089 70495259 78750582
37138058 -14826564 59209398 70850719
12060663 7194162 56293954 71484611
65148302 45157940 87902000 99642878
898137 -11585041 43693731 65558777
46079162 15867600 40565673 53601575
-37105564 15780967 70325284 85936344
6155109 21189351 99552604 66494488
-13649537 52796615 53896547 56387083
20970 19319009 120695745 95642173
-54156346 16839946 59210234 90813116
26177185 -9377040 67953114 63183757
-25259290 22788615 89125352 85882438
40692010 22952142 73870572 51286892
-18285989 17428806 3446897 95975976
-25995219 25216278 28320221 71024580
-27470097 5850070 53564102 69470725
-43461385 22040184 50709635 69277171
6975115 -13759904 71904765 72976119
-18858186 19729426 85900446 79315551
-30971953 11096634 74388256 88549928
-32443728 25448349 78017337 79299139
7458819 -13298973 55369938 55496545
-59160302 12595603 56483401 97334792
-3641444 15619876 91477243 73785227
-29447614 26468589 50581347 50963452
91226417 26758306 63031098 87175886
23816971 -19401086 56235152 59129801
46271390 71364020 58544072 77614071
2735564 6649791 76714843 61615881
-16238669 15430435 87382577 82477154
-34874245 12606425 49445191 71388813
4126794 39602753 91505857 63026168
8506757 -32065429 78004937 95850148
-58015723 31058723 55699691 80818545
-21802895 46816171 66192018 70855457
59283087 22426443 45939349 54873079
4486783 16164808 24264515 53649500
15073199 -249656 110947204 90410018
-2129153 -2954533 59353205 58723456
-10146732 -17270608 72825112 94528833
-27320370 8606309 73999218 86999622
29412165 44256781 53433840 74286914
-22112409 9300202 70257727 77356337