0 0 0 1499999
500000 -500000 0 1499999
1000000 -1000000 0 1499999
1500000 -1500000 0 1499999
2000000 -2000000 0 1499999
2500000 -2500000 0 1499999
3000000 -3000000 0 1499999
3500000 -3500000 0 1499999
4000000 -4000000 0 1499999
4500000 -4500000 0 1499999
500000 0 -500000 1499999
1000000 -500000 -500000 1499999
1500000 -1000000 -500000 1499999
2000000 -1500000 -500000 1499999
2500000 -2000000 -500000 1499999
3000000 -2500000 -500000 1499999
3500000 -3000000 -500000 1499999
4000000 -3500000 -500000 1499999
4500000 -4000000 -500000 1499999
5000000 -4500000 -500000 1499999
1000000 0 -1000000 1499999
1500000 -500000 -1000000 1499999
2000000 -1000000 -1000000 1499999
2500000 -1500000 -1000000 1499999
3000000 -2000000 -1000000 1499999
3500000 -2500000 -1000000 1499999
4000000 -3000000 -1000000 1499999
4500000 -3500000 -1000000 1499999
5000000 -4000000 -1000000 1499999
5500000 -4500000 -1000000 1499999
1500000 0 -1500000 1499999
2000000 -500000 -1500000 1499999
2500000 -1000000 -1500000 1499999
3000000 -1500000 -1500000 1499999
3500000 -2000000 -1500000 1499999
4000000 -2500000 -1500000 1499999
4500000 -3000000 -1500000 1499999
5000000 -3500000 -1500000 1499999
5500000 -4000000 -1500000 1499999
6000000 -4500000 -1500000 1499999
2000000 0 -2000000 1499999
2500000 -500000 -2000000 1499999
3000000 -1000000 -2000000 1499999
3500000 -1500000 -2000000 1499999
4000000 -2000000 -2000000 1499999
4500000 -2500000 -2000000 1499999
5000000 -3000000 -2000000 1499999
5500000 -3500000 -2000000 1499999
6000000 -4000000 -2000000 1499999
6500000 -4500000 -2000000 1499999
2500000 0 -2500000 1499999
3000000 -500000 -2500000 1499999
3500000 -1000000 -2500000 1499999
4000000 -1500000 -2500000 1499999
4500000 -2000000 -2500000 1499999
5000000 -2500000 -2500000 1499999
5500000 -3000000 -2500000 1499999
6000000 -3500000 -2500000 1499999
6500000 -4000000 -2500000 1499999
7000000 -4500000 -2500000 1499999
3000000 0 -3000000 1499999
3500000 -500000 -3000000 1499999
4000000 -1000000 -3000000 1499999
4500000 -1500000 -3000000 1499999
5000000 -2000000 -3000000 1499999
5500000 -2500000 -3000000 1499999
6000000 -3000000 -3000000 1499999
6500000 -3500000 -3000000 1499999
7000000 -4000000 -3000000 1499999
7500000 -4500000 -3000000 1499999
3500000 0 -3500000 1499999
4000000 -500000 -3500000 1499999
4500000 -1000000 -3500000 1499999
5000000 -1500000 -3500000 1499999
5500000 -2000000 -3500000 1499999
6000000 -2500000 -3500000 1499999
6500000 -3000000 -3500000 1499999
7000000 -3500000 -3500000 1499999
7500000 -4000000 -3500000 1499999
8000000 -4500000 -3500000 1499999
4000000 0 -4000000 1499999
4500000 -500000 -4000000 1499999
5000000 -1000000 -4000000 1499999
5500000 -1500000 -4000000 1499999
6000000 -2000000 -4000000 1499999
6500000 -2500000 -4000000 1499999
7000000 -3000000 -4000000 1499999
7500000 -3500000 -4000000 1499999
8000000 -4000000 -4000000 1499999
8500000 -4500000 -4000000 1499999
4500000 0 -4500000 1499999
5000000 -500000 -4500000 1499999
5500000 -1000000 -4500000 1499999
6000000 -1500000 -4500000 1499999
6500000 -2000000 -4500000 1499999
7000000 -2500000 -4500000 1499999
7500000 -3000000 -4500000 1499999
8000000 -3500000 -4500000 1499999
8500000 -4000000 -4500000 1499999
9000000 -4500000 -4500000 1499999
0 500000 500000 1499999
500000 0 500000 1499999
1000000 -500000 500000 1499999
1500000 -1000000 500000 1499999
2000000 -1500000 500000 1499999
2500000 -2000000 500000 1499999
3000000 -2500000 500000 1499999
3500000 -3000000 500000 1499999
4000000 -3500000 500000 1499999
4500000 -4000000 500000 1499999
500000 500000 0 1499999
1000000 0 0 1499999
1500000 -500000 0 1499999
2000000 -1000000 0 1499999
2500000 -1500000 0 1499999
3000000 -2000000 0 1499999
3500000 -2500000 0 1499999
4000000 -3000000 0 1499999
4500000 -3500000 0 1499999
5000000 -4000000 0 1499999
1000000 500000 -500000 1499999
1500000 0 -500000 1499999
2000000 -500000 -500000 1499999
2500000 -1000000 -500000 1499999
3000000 -1500000 -500000 1499999
3500000 -2000000 -500000 1499999
4000000 -2500000 -500000 1499999
4500000 -3000000 -500000 1499999
5000000 -3500000 -500000 1499999
5500000 -4000000 -500000 1499999
1500000 500000 -1000000 1499999
2000000 0 -1000000 1499999
2500000 -500000 -1000000 1499999
3000000 -1000000 -1000000 1499999
3500000 -1500000 -1000000 1499999
4000000 -2000000 -1000000 1499999
4500000 -2500000 -1000000 1499999
5000000 -3000000 -1000000 1499999
5500000 -3500000 -1000000 1499999
6000000 -4000000 -1000000 1499999
2000000 500000 -1500000 1499999
2500000 0 -1500000 1499999
3000000 -500000 -1500000 1499999
3500000 -1000000 -1500000 1499999
4000000 -1500000 -1500000 1499999
4500000 -2000000 -1500000 1499999
5000000 -2500000 -1500000 1499999
5500000 -3000000 -1500000 1499999
6000000 -3500000 -1500000 1499999
6500000 -4000000 -1500000 1499999
2500000 500000 -2000000 1499999
3000000 0 -2000000 1499999
3500000 -500000 -2000000 1499999
4000000 -1000000 -2000000 1499999
4500000 -1500000 -2000000 1499999
5000000 -2000000 -2000000 1499999
5500000 -2500000 -2000000 1499999
6000000 -3000000 -2000000 1499999
6500000 -3500000 -2000000 1499999
7000000 -4000000 -2000000 1499999
3000000 500000 -2500000 1499999
3500000 0 -2500000 1499999
4000000 -500000 -2500000 1499999
4500000 -1000000 -2500000 1499999
5000000 -1500000 -2500000 1499999
5500000 -2000000 -2500000 1499999
6000000 -2500000 -2500000 1499999
6500000 -3000000 -2500000 1499999
7000000 -3500000 -2500000 1499999
7500000 -4000000 -2500000 1499999
3500000 500000 -3000000 1499999
4000000 0 -3000000 1499999
4500000 -500000 -3000000 1499999
5000000 -1000000 -3000000 1499999
5500000 -1500000 -3000000 1499999
6000000 -2000000 -3000000 1499999
6500000 -2500000 -3000000 1499999
7000000 -3000000 -3000000 1499999
7500000 -3500000 -3000000 1499999
8000000 -4000000 -3000000 1499999
4000000 500000 -3500000 1499999
4500000 0 -3500000 1499999
5000000 -500000 -3500000 1499999
5500000 -1000000 -3500000 1499999
6000000 -1500000 -3500000 1499999
6500000 -2000000 -3500000 1499999
7000000 -2500000 -3500000 1499999
7500000 -3000000 -3500000 1499999
8000000 -3500000 -3500000 1499999
8500000 -4000000 -3500000 1499999
4500000 500000 -4000000 1499999
5000000 0 -4000000 1499999
5500000 -500000 -4000000 1499999
6000000 -1000000 -4000000 1499999
6500000 -1500000 -4000000 1499999
7000000 -2000000 -4000000 1499999
7500000 -2500000 -4000000 1499999
8000000 -3000000 -4000000 1499999
8500000 -3500000 -4000000 1499999
9000000 -4000000 -4000000 1499999
0 1000000 1000000 1499999
500000 500000 1000000 1499999
1000000 0 1000000 1499999
1500000 -500000 1000000 1499999
2000000 -1000000 1000000 1499999
2500000 -1500000 1000000 1499999
3000000 -2000000 1000000 1499999
3500000 -2500000 1000000 1499999
4000000 -3000000 1000000 1499999
4500000 -3500000 1000000 1499999
500000 1000000 500000 1499999
1000000 500000 500000 1499999
1500000 0 500000 1499999
2000000 -500000 500000 1499999
2500000 -1000000 500000 1499999
3000000 -1500000 500000 1499999
3500000 -2000000 500000 1499999
4000000 -2500000 500000 1499999
4500000 -3000000 500000 1499999
5000000 -3500000 500000 1499999
1000000 1000000 0 1499999
1500000 500000 0 1499999
2000000 0 0 1499999
2500000 -500000 0 1499999
3000000 -1000000 0 1499999
3500000 -1500000 0 1499999
4000000 -2000000 0 1499999
4500000 -2500000 0 1499999
5000000 -3000000 0 1499999
5500000 -3500000 0 1499999
1500000 1000000 -500000 1499999
2000000 500000 -500000 1499999
2500000 0 -500000 1499999
3000000 -500000 -500000 1499999
3500000 -1000000 -500000 1499999
4000000 -1500000 -500000 1499999
4500000 -2000000 -500000 1499999
5000000 -2500000 -500000 1499999
5500000 -3000000 -500000 1499999
6000000 -3500000 -500000 1499999
2000000 1000000 -1000000 1499999
2500000 500000 -1000000 1499999
3000000 0 -1000000 1499999
3500000 -500000 -1000000 1499999
4000000 -1000000 -1000000 1499999
4500000 -1500000 -1000000 1499999
5000000 -2000000 -1000000 1499999
5500000 -2500000 -1000000 1499999
6000000 -3000000 -1000000 1499999
6500000 -3500000 -1000000 1499999
2500000 1000000 -1500000 1499999
3000000 500000 -1500000 1499999
3500000 0 -1500000 1499999
4000000 -500000 -1500000 1499999
4500000 -1000000 -1500000 1499999
5000000 -1500000 -1500000 1499999
5500000 -2000000 -1500000 1499999
6000000 -2500000 -1500000 1499999
6500000 -3000000 -1500000 1499999
7000000 -3500000 -1500000 1499999
3000000 1000000 -2000000 1499999
3500000 500000 -2000000 1499999
4000000 0 -2000000 1499999
4500000 -500000 -2000000 1499999
5000000 -1000000 -2000000 1499999
5500000 -1500000 -2000000 1499999
6000000 -2000000 -2000000 1499999
6500000 -2500000 -2000000 1499999
7000000 -3000000 -2000000 1499999
7500000 -3500000 -2000000 1499999
3500000 1000000 -2500000 1499999
4000000 500000 -2500000 1499999
4500000 0 -2500000 1499999
5000000 -500000 -2500000 1499999
5500000 -1000000 -2500000 1499999
6000000 -1500000 -2500000 1499999
6500000 -2000000 -2500000 1499999
7000000 -2500000 -2500000 1499999
7500000 -3000000 -2500000 1499999
8000000 -3500000 -2500000 1499999
4000000 1000000 -3000000 1499999
4500000 500000 -3000000 1499999
5000000 0 -3000000 1499999
5500000 -500000 -3000000 1499999
6000000 -1000000 -3000000 1499999
6500000 -1500000 -3000000 1499999
7000000 -2000000 -3000000 1499999
7500000 -2500000 -3000000 1499999
8000000 -3000000 -3000000 1499999
8500000 -3500000 -3000000 1499999
4500000 1000000 -3500000 1499999
5000000 500000 -3500000 1499999
5500000 0 -3500000 1499999
6000000 -500000 -3500000 1499999
6500000 -1000000 -3500000 1499999
7000000 -1500000 -3500000 1499999
7500000 -2000000 -3500000 1499999
8000000 -2500000 -3500000 1499999
8500000 -3000000 -3500000 1499999
9000000 -3500000 -3500000 1499999
0 1500000 1500000 1499999
500000 1000000 1500000 1499999
1000000 500000 1500000 1499999
1500000 0 1500000 1499999
2000000 -500000 1500000 1499999
2500000 -1000000 1500000 1499999
3000000 -1500000 1500000 1499999
3500000 -2000000 1500000 1499999
4000000 -2500000 1500000 1499999
4500000 -3000000 1500000 1499999
500000 1500000 1000000 1499999
1000000 1000000 1000000 1499999
1500000 500000 1000000 1499999
2000000 0 1000000 1499999
2500000 -500000 1000000 1499999
3000000 -1000000 1000000 1499999
3500000 -1500000 1000000 1499999
4000000 -2000000 1000000 1499999
4500000 -2500000 1000000 1499999
5000000 -3000000 1000000 1499999
1000000 1500000 500000 1499999
1500000 1000000 500000 1499999
2000000 500000 500000 1499999
2500000 0 500000 1499999
3000000 -500000 500000 1499999
3500000 -1000000 500000 1499999
4000000 -1500000 500000 1499999
4500000 -2000000 500000 1499999
5000000 -2500000 500000 1499999
5500000 -3000000 500000 1499999
1500000 1500000 0 1499999
2000000 1000000 0 1499999
2500000 500000 0 1499999
3000000 0 0 1499999
3500000 -500000 0 1499999
4000000 -1000000 0 1499999
4500000 -1500000 0 1499999
5000000 -2000000 0 1499999
5500000 -2500000 0 1499999
6000000 -3000000 0 1499999
2000000 1500000 -500000 1499999
2500000 1000000 -500000 1499999
3000000 500000 -500000 1499999
3500000 0 -500000 1499999
4000000 -500000 -500000 1499999
4500000 -1000000 -500000 1499999
5000000 -1500000 -500000 1499999
5500000 -2000000 -500000 1499999
6000000 -2500000 -500000 1499999
6500000 -3000000 -500000 1499999
2500000 1500000 -1000000 1499999
3000000 1000000 -1000000 1499999
3500000 500000 -1000000 1499999
4000000 0 -1000000 1499999
4500000 -500000 -1000000 1499999
5000000 -1000000 -1000000 1499999
5500000 -1500000 -1000000 1499999
6000000 -2000000 -1000000 1499999
6500000 -2500000 -1000000 1499999
7000000 -3000000 -1000000 1499999
3000000 1500000 -1500000 1499999
3500000 1000000 -1500000 1499999
4000000 500000 -1500000 1499999
4500000 0 -1500000 1499999
5000000 -500000 -1500000 1499999
5500000 -1000000 -1500000 1499999
6000000 -1500000 -1500000 1499999
6500000 -2000000 -1500000 1499999
7000000 -2500000 -1500000 1499999
7500000 -3000000 -1500000 1499999
3500000 1500000 -2000000 1499999
4000000 1000000 -2000000 1499999
4500000 500000 -2000000 1499999
5000000 0 -2000000 1499999
5500000 -500000 -2000000 1499999
6000000 -1000000 -2000000 1499999
6500000 -1500000 -2000000 1499999
7000000 -2000000 -2000000 1499999
7500000 -2500000 -2000000 1499999
8000000 -3000000 -2000000 1499999
4000000 1500000 -2500000 1499999
4500000 1000000 -2500000 1499999
5000000 500000 -2500000 1499999
5500000 0 -2500000 1499999
6000000 -500000 -2500000 1499999
6500000 -1000000 -2500000 1499999
7000000 -1500000 -2500000 1499999
7500000 -2000000 -2500000 1499999
8000000 -2500000 -2500000 1499999
8500000 -3000000 -2500000 1499999
4500000 1500000 -3000000 1499999
5000000 1000000 -3000000 1499999
5500000 500000 -3000000 1499999
6000000 0 -3000000 1499999
6500000 -500000 -3000000 1499999
7000000 -1000000 -3000000 1499999
7500000 -1500000 -3000000 1499999
8000000 -2000000 -3000000 1499999
8500000 -2500000 -3000000 1499999
9000000 -3000000 -3000000 1499999
0 2000000 2000000 1499999
500000 1500000 2000000 1499999
1000000 1000000 2000000 1499999
1500000 500000 2000000 1499999
2000000 0 2000000 1499999
2500000 -500000 2000000 1499999
3000000 -1000000 2000000 1499999
3500000 -1500000 2000000 1499999
4000000 -2000000 2000000 1499999
4500000 -2500000 2000000 1499999
500000 2000000 1500000 1499999
1000000 1500000 1500000 1499999
1500000 1000000 1500000 1499999
2000000 500000 1500000 1499999
2500000 0 1500000 1499999
3000000 -500000 1500000 1499999
3500000 -1000000 1500000 1499999
4000000 -1500000 1500000 1499999
4500000 -2000000 1500000 1499999
5000000 -2500000 1500000 1499999
1000000 2000000 1000000 1499999
1500000 1500000 1000000 1499999
2000000 1000000 1000000 1499999
2500000 500000 1000000 1499999
3000000 0 1000000 1499999
3500000 -500000 1000000 1499999
4000000 -1000000 1000000 1499999
4500000 -1500000 1000000 1499999
5000000 -2000000 1000000 1499999
5500000 -2500000 1000000 1499999
1500000 2000000 500000 1499999
2000000 1500000 500000 1499999
2500000 1000000 500000 1499999
3000000 500000 500000 1499999
3500000 0 500000 1499999
4000000 -500000 500000 1499999
4500000 -1000000 500000 1499999
5000000 -1500000 500000 1499999
5500000 -2000000 500000 1499999
6000000 -2500000 500000 1499999
2000000 2000000 0 1499999
2500000 1500000 0 1499999
3000000 1000000 0 1499999
3500000 500000 0 1499999
4000000 0 0 1499999
4500000 -500000 0 1499999
5000000 -1000000 0 1499999
5500000 -1500000 0 1499999
6000000 -2000000 0 1499999
6500000 -2500000 0 1499999
2500000 2000000 -500000 1499999
3000000 1500000 -500000 1499999
3500000 1000000 -500000 1499999
4000000 500000 -500000 1499999
4500000 0 -500000 1499999
5000000 -500000 -500000 1499999
5500000 -1000000 -500000 1499999
6000000 -1500000 -500000 1499999
6500000 -2000000 -500000 1499999
7000000 -2500000 -500000 1499999
3000000 2000000 -1000000 1499999
3500000 1500000 -1000000 1499999
4000000 1000000 -1000000 1499999
4500000 500000 -1000000 1499999
5000000 0 -1000000 1499999
5500000 -500000 -1000000 1499999
6000000 -1000000 -1000000 1499999
6500000 -1500000 -1000000 1499999
7000000 -2000000 -1000000 1499999
7500000 -2500000 -1000000 1499999
3500000 2000000 -1500000 1499999
4000000 1500000 -1500000 1499999
4500000 1000000 -1500000 1499999
5000000 500000 -1500000 1499999
5500000 0 -1500000 1499999
6000000 -500000 -1500000 1499999
6500000 -1000000 -1500000 1499999
7000000 -1500000 -1500000 1499999
7500000 -2000000 -1500000 1499999
8000000 -2500000 -1500000 1499999
4000000 2000000 -2000000 1499999
4500000 1500000 -2000000 1499999
5000000 1000000 -2000000 1499999
5500000 500000 -2000000 1499999
6000000 0 -2000000 1499999
6500000 -500000 -2000000 1499999
7000000 -1000000 -2000000 1499999
7500000 -1500000 -2000000 1499999
8000000 -2000000 -2000000 1499999
8500000 -2500000 -2000000 1499999
4500000 2000000 -2500000 1499999
5000000 1500000 -2500000 1499999
5500000 1000000 -2500000 1499999
6000000 500000 -2500000 1499999
6500000 0 -2500000 1499999
7000000 -500000 -2500000 1499999
7500000 -1000000 -2500000 1499999
8000000 -1500000 -2500000 1499999
8500000 -2000000 -2500000 1499999
9000000 -2500000 -2500000 1499999
0 2500000 2500000 1499999
500000 2000000 2500000 1499999
1000000 1500000 2500000 1499999
1500000 1000000 2500000 1499999
2000000 500000 2500000 1499999
2500000 0 2500000 1499999
3000000 -500000 2500000 1499999
3500000 -1000000 2500000 1499999
4000000 -1500000 2500000 1499999
4500000 -2000000 2500000 1499999
500000 2500000 2000000 1499999
1000000 2000000 2000000 1499999
1500000 1500000 2000000 1499999
2000000 1000000 2000000 1499999
2500000 500000 2000000 1499999
3000000 0 2000000 1499999
3500000 -500000 2000000 1499999
4000000 -1000000 2000000 1499999
4500000 -1500000 2000000 1499999
5000000 -2000000 2000000 1499999
1000000 2500000 1500000 1499999
1500000 2000000 1500000 1499999
2000000 1500000 1500000 1499999
2500000 1000000 1500000 1499999
3000000 500000 1500000 1499999
3500000 0 1500000 1499999
4000000 -500000 1500000 1499999
4500000 -1000000 1500000 1499999
5000000 -1500000 1500000 1499999
5500000 -2000000 1500000 1499999
1500000 2500000 1000000 1499999
2000000 2000000 1000000 1499999
2500000 1500000 1000000 1499999
3000000 1000000 1000000 1499999
3500000 500000 1000000 1499999
4000000 0 1000000 1499999
4500000 -500000 1000000 1499999
5000000 -1000000 1000000 1499999
5500000 -1500000 1000000 1499999
6000000 -2000000 1000000 1499999
2000000 2500000 500000 1499999
2500000 2000000 500000 1499999
3000000 1500000 500000 1499999
3500000 1000000 500000 1499999
4000000 500000 500000 1499999
4500000 0 500000 1499999
5000000 -500000 500000 1499999
5500000 -1000000 500000 1499999
6000000 -1500000 500000 1499999
6500000 -2000000 500000 1499999
2500000 2500000 0 1499999
3000000 2000000 0 1499999
3500000 1500000 0 1499999
4000000 1000000 0 1499999
4500000 500000 0 1499999
5000000 0 0 1499999
5500000 -500000 0 1499999
6000000 -1000000 0 1499999
6500000 -1500000 0 1499999
7000000 -2000000 0 1499999
3000000 2500000 -500000 1499999
3500000 2000000 -500000 1499999
4000000 1500000 -500000 1499999
4500000 1000000 -500000 1499999
5000000 500000 -500000 1499999
5500000 0 -500000 1499999
6000000 -500000 -500000 1499999
6500000 -1000000 -500000 1499999
7000000 -1500000 -500000 1499999
7500000 -2000000 -500000 1499999
3500000 2500000 -1000000 1499999
4000000 2000000 -1000000 1499999
4500000 1500000 -1000000 1499999
5000000 1000000 -1000000 1499999
5500000 500000 -1000000 1499999
6000000 0 -1000000 1499999
6500000 -500000 -1000000 1499999
7000000 -1000000 -1000000 1499999
7500000 -1500000 -1000000 1499999
8000000 -2000000 -1000000 1499999
4000000 2500000 -1500000 1499999
4500000 2000000 -1500000 1499999
5000000 1500000 -1500000 1499999
5500000 1000000 -1500000 1499999
6000000 500000 -1500000 1499999
6500000 0 -1500000 1499999
7000000 -500000 -1500000 1499999
7500000 -1000000 -1500000 1499999
8000000 -1500000 -1500000 1499999
8500000 -2000000 -1500000 1499999
4500000 2500000 -2000000 1499999
5000000 2000000 -2000000 1499999
5500000 1500000 -2000000 1499999
6000000 1000000 -2000000 1499999
6500000 500000 -2000000 1499999
7000000 0 -2000000 1499999
7500000 -500000 -2000000 1499999
8000000 -1000000 -2000000 1499999
8500000 -1500000 -2000000 1499999
9000000 -2000000 -2000000 1499999
0 3000000 3000000 1499999
500000 2500000 3000000 1499999
1000000 2000000 3000000 1499999
1500000 1500000 3000000 1499999
2000000 1000000 3000000 1499999
2500000 500000 3000000 1499999
3000000 0 3000000 1499999
3500000 -500000 3000000 1499999
4000000 -1000000 3000000 1499999
4500000 -1500000 3000000 1499999
500000 3000000 2500000 1499999
1000000 2500000 2500000 1499999
1500000 2000000 2500000 1499999
2000000 1500000 2500000 1499999
2500000 1000000 2500000 1499999
3000000 500000 2500000 1499999
3500000 0 2500000 1499999
4000000 -500000 2500000 1499999
4500000 -1000000 2500000 1499999
5000000 -1500000 2500000 1499999
1000000 3000000 2000000 1499999
1500000 2500000 2000000 1499999
2000000 2000000 2000000 1499999
2500000 1500000 2000000 1499999
3000000 1000000 2000000 1499999
3500000 500000 2000000 1499999
4000000 0 2000000 1499999
4500000 -500000 2000000 1499999
5000000 -1000000 2000000 1499999
5500000 -1500000 2000000 1499999
1500000 3000000 1500000 1499999
2000000 2500000 1500000 1499999
2500000 2000000 1500000 1499999
3000000 1500000 1500000 1499999
3500000 1000000 1500000 1499999
4000000 500000 1500000 1499999
4500000 0 1500000 1499999
5000000 -500000 1500000 1499999
5500000 -1000000 1500000 1499999
6000000 -1500000 1500000 1499999
2000000 3000000 1000000 1499999
2500000 2500000 1000000 1499999
3000000 2000000 1000000 1499999
3500000 1500000 1000000 1499999
4000000 1000000 1000000 1499999
4500000 500000 1000000 1499999
5000000 0 1000000 1499999
5500000 -500000 1000000 1499999
6000000 -1000000 1000000 1499999
6500000 -1500000 1000000 1499999
2500000 3000000 500000 1499999
3000000 2500000 500000 1499999
3500000 2000000 500000 1499999
4000000 1500000 500000 1499999
4500000 1000000 500000 1499999
5000000 500000 500000 1499999
5500000 0 500000 1499999
6000000 -500000 500000 1499999
6500000 -1000000 500000 1499999
7000000 -1500000 500000 1499999
3000000 3000000 0 1499999
3500000 2500000 0 1499999
4000000 2000000 0 1499999
4500000 1500000 0 1499999
5000000 1000000 0 1499999
5500000 500000 0 1499999
6000000 0 0 1499999
6500000 -500000 0 1499999
7000000 -1000000 0 1499999
7500000 -1500000 0 1499999
3500000 3000000 -500000 1499999
4000000 2500000 -500000 1499999
4500000 2000000 -500000 1499999
5000000 1500000 -500000 1499999
5500000 1000000 -500000 1499999
6000000 500000 -500000 1499999
6500000 0 -500000 1499999
7000000 -500000 -500000 1499999
7500000 -1000000 -500000 1499999
8000000 -1500000 -500000 1499999
4000000 3000000 -1000000 1499999
4500000 2500000 -1000000 1499999
5000000 2000000 -1000000 1499999
5500000 1500000 -1000000 1499999
6000000 1000000 -1000000 1499999
6500000 500000 -1000000 1499999
7000000 0 -1000000 1499999
7500000 -500000 -1000000 1499999
8000000 -1000000 -1000000 1499999
8500000 -1500000 -1000000 1499999
4500000 3000000 -1500000 1499999
5000000 2500000 -1500000 1499999
5500000 2000000 -1500000 1499999
6000000 1500000 -1500000 1499999
6500000 1000000 -1500000 1499999
7000000 500000 -1500000 1499999
7500000 0 -1500000 1499999
8000000 -500000 -1500000 1499999
8500000 -1000000 -1500000 1499999
9000000 -1500000 -1500000 1499999
0 3500000 3500000 1499999
500000 3000000 3500000 1499999
1000000 2500000 3500000 1499999
1500000 2000000 3500000 1499999
2000000 1500000 3500000 1499999
2500000 1000000 3500000 1499999
3000000 500000 3500000 1499999
4500000 -1000000 3500000 1499999
500000 3500000 3000000 1499999
1000000 3000000 3000000 1499999
1500000 2500000 3000000 1499999
2000000 2000000 3000000 1499999
2500000 1500000 3000000 1499999
3000000 1000000 3000000 1499999
3500000 500000 3000000 1499999
4000000 0 3000000 1499999
4500000 -500000 3000000 1499999
5000000 -1000000 3000000 1499999
1000000 3500000 2500000 1499999
1500000 3000000 2500000 1499999
2000000 2500000 2500000 1499999
2500000 2000000 2500000 1499999
3000000 1500000 2500000 1499999
3500000 1000000 2500000 1499999
4000000 500000 2500000 1499999
4500000 0 2500000 1499999
5000000 -500000 2500000 1499999
5500000 -1000000 2500000 1499999
1500000 3500000 2000000 1499999
2000000 3000000 2000000 1499999
2500000 2500000 2000000 1499999
3000000 2000000 2000000 1499999
3500000 1500000 2000000 1499999
4000000 1000000 2000000 1499999
4500000 500000 2000000 1499999
5000000 0 2000000 1499999
5500000 -500000 2000000 1499999
6000000 -1000000 2000000 1499999
2000000 3500000 1500000 1499999
2500000 3000000 1500000 1499999
3000000 2500000 1500000 1499999
3500000 2000000 1500000 1499999
4000000 1500000 1500000 1499999
4500000 1000000 1500000 1499999
5000000 500000 1500000 1499999
5500000 0 1500000 1499999
6000000 -500000 1500000 1499999
6500000 -1000000 1500000 1499999
2500000 3500000 1000000 1499999
3000000 3000000 1000000 1499999
3500000 2500000 1000000 1499999
4000000 2000000 1000000 1499999
4500000 1500000 1000000 1499999
5000000 1000000 1000000 1499999
5500000 500000 1000000 1499999
6000000 0 1000000 1499999
6500000 -500000 1000000 1499999
7000000 -1000000 1000000 1499999
3000000 3500000 500000 1499999
3500000 3000000 500000 1499999
4000000 2500000 500000 1499999
4500000 2000000 500000 1499999
5000000 1500000 500000 1499999
5500000 1000000 500000 1499999
6000000 500000 500000 1499999
6500000 0 500000 1499999
7000000 -500000 500000 1499999
7500000 -1000000 500000 1499999
3500000 3500000 0 1499999
4000000 3000000 0 1499999
4500000 2500000 0 1499999
5000000 2000000 0 1499999
5500000 1500000 0 1499999
6000000 1000000 0 1499999
6500000 500000 0 1499999
7000000 0 0 1499999
7500000 -500000 0 1499999
8000000 -1000000 0 1499999
4000000 3500000 -500000 1499999
4500000 3000000 -500000 1499999
5000000 2500000 -500000 1499999
5500000 2000000 -500000 1499999
6000000 1500000 -500000 1499999
6500000 1000000 -500000 1499999
7000000 500000 -500000 1499999
7500000 0 -500000 1499999
8000000 -500000 -500000 1499999
8500000 -1000000 -500000 1499999
4500000 3500000 -1000000 1499999
5000000 3000000 -1000000 1499999
5500000 2500000 -1000000 1499999
6000000 2000000 -1000000 1499999
6500000 1500000 -1000000 1499999
7000000 1000000 -1000000 1499999
7500000 500000 -1000000 1499999
8000000 0 -1000000 1499999
8500000 -500000 -1000000 1499999
9000000 -1000000 -1000000 1499999
0 4000000 4000000 1499999
500000 3500000 4000000 1499999
1000000 3000000 4000000 1499999
1500000 2500000 4000000 1499999
2000000 2000000 4000000 1499999
2500000 1500000 4000000 1499999
3000000 1000000 4000000 1499999
3500000 500000 4000000 1499999
4000000 0 4000000 1499999
4500000 -500000 4000000 1499999
500000 4000000 3500000 1499999
1000000 3500000 3500000 1499999
1500000 3000000 3500000 1499999
2000000 2500000 3500000 1499999
2500000 2000000 3500000 1499999
3000000 1500000 3500000 1499999
3500000 1000000 3500000 1499999
4000000 500000 3500000 1499999
4500000 0 3500000 1499999
5000000 -500000 3500000 1499999
1000000 4000000 3000000 1499999
1500000 3500000 3000000 1499999
2000000 3000000 3000000 1499999
2500000 2500000 3000000 1499999
3000000 2000000 3000000 1499999
3500000 1500000 3000000 1499999
4000000 1000000 3000000 1499999
4500000 500000 3000000 1499999
5000000 0 3000000 1499999
5500000 -500000 3000000 1499999
1500000 4000000 2500000 1499999
2000000 3500000 2500000 1499999
2500000 3000000 2500000 1499999
3000000 2500000 2500000 1499999
3500000 2000000 2500000 1499999
4000000 1500000 2500000 1499999
4500000 1000000 2500000 1499999
5000000 500000 2500000 1499999
5500000 0 2500000 1499999
6000000 -500000 2500000 1499999
2000000 4000000 2000000 1499999
2500000 3500000 2000000 1499999
3000000 3000000 2000000 1499999
3500000 2500000 2000000 1499999
4000000 2000000 2000000 1499999
4500000 1500000 2000000 1499999
5000000 1000000 2000000 1499999
5500000 500000 2000000 1499999
6000000 0 2000000 1499999
6500000 -500000 2000000 1499999
2500000 4000000 1500000 1499999
3000000 3500000 1500000 1499999
3500000 3000000 1500000 1499999
4000000 2500000 1500000 1499999
4500000 2000000 1500000 1499999
5000000 1500000 1500000 1499999
5500000 1000000 1500000 1499999
6000000 500000 1500000 1499999
6500000 0 1500000 1499999
7000000 -500000 1500000 1499999
3000000 4000000 1000000 1499999
3500000 3500000 1000000 1499999
4000000 3000000 1000000 1499999
4500000 2500000 1000000 1499999
5000000 2000000 1000000 1499999
5500000 1500000 1000000 1499999
6000000 1000000 1000000 1499999
6500000 500000 1000000 1499999
7000000 0 1000000 1499999
7500000 -500000 1000000 1499999
3500000 4000000 500000 1499999
4000000 3500000 500000 1499999
4500000 3000000 500000 1499999
5000000 2500000 500000 1499999
5500000 2000000 500000 1499999
6000000 1500000 500000 1499999
6500000 1000000 500000 1499999
7000000 500000 500000 1499999
7500000 0 500000 1499999
8000000 -500000 500000 1499999
4000000 4000000 0 1499999
4500000 3500000 0 1499999
5000000 3000000 0 1499999
5500000 2500000 0 1499999
6000000 2000000 0 1499999
6500000 1500000 0 1499999
7000000 1000000 0 1499999
7500000 500000 0 1499999
8000000 0 0 1499999
8500000 -500000 0 1499999
4500000 4000000 -500000 1499999
5000000 3500000 -500000 1499999
5500000 3000000 -500000 1499999
6000000 2500000 -500000 1499999
6500000 2000000 -500000 1499999
7000000 1500000 -500000 1499999
7500000 1000000 -500000 1499999
8000000 500000 -500000 1499999
8500000 0 -500000 1499999
9000000 -500000 -500000 1499999
0 4500000 4500000 1499999
500000 4000000 4500000 1499999
1000000 3500000 4500000 1499999
1500000 3000000 4500000 1499999
2000000 2500000 4500000 1499999
2500000 2000000 4500000 1499999
3000000 1500000 4500000 1499999
3500000 1000000 4500000 1499999
4000000 500000 4500000 1499999
4500000 0 4500000 1499999
500000 4500000 4000000 1499999
1000000 4000000 4000000 1499999
1500000 3500000 4000000 1499999
2000000 3000000 4000000 1499999
2500000 2500000 4000000 1499999
3000000 2000000 4000000 1499999
3500000 1500000 4000000 1499999
4000000 1000000 4000000 1499999
4500000 500000 4000000 1499999
5000000 0 4000000 1499999
1000000 4500000 3500000 1499999
1500000 4000000 3500000 1499999
2000000 3500000 3500000 1499999
2500000 3000000 3500000 1499999
3000000 2500000 3500000 1499999
3500000 2000000 3500000 1499999
4000000 1500000 3500000 1499999
4500000 1000000 3500000 1499999
5000000 500000 3500000 1499999
5500000 0 3500000 1499999
1500000 4500000 3000000 1499999
2000000 4000000 3000000 1499999
2500000 3500000 3000000 1499999
3000000 3000000 3000000 1499999
3500000 2500000 3000000 1499999
4000000 2000000 3000000 1499999
4500000 1500000 3000000 1499999
5000000 1000000 3000000 1499999
5500000 500000 3000000 1499999
6000000 0 3000000 1499999
2000000 4500000 2500000 1499999
2500000 4000000 2500000 1499999
3000000 3500000 2500000 1499999
3500000 3000000 2500000 1499999
4000000 2500000 2500000 1499999
4500000 2000000 2500000 1499999
5000000 1500000 2500000 1499999
5500000 1000000 2500000 1499999
6000000 500000 2500000 1499999
6500000 0 2500000 1499999
2500000 4500000 2000000 1499999
3000000 4000000 2000000 1499999
3500000 3500000 2000000 1499999
4000000 3000000 2000000 1499999
4500000 2500000 2000000 1499999
5000000 2000000 2000000 1499999
5500000 1500000 2000000 1499999
6000000 1000000 2000000 1499999
6500000 500000 2000000 1499999
7000000 0 2000000 1499999
3000000 4500000 1500000 1499999
3500000 4000000 1500000 1499999
4000000 3500000 1500000 1499999
4500000 3000000 1500000 1499999
5000000 2500000 1500000 1499999
5500000 2000000 1500000 1499999
6000000 1500000 1500000 1499999
6500000 1000000 1500000 1499999
7000000 500000 1500000 1499999
7500000 0 1500000 1499999
3500000 4500000 1000000 1499999
4000000 4000000 1000000 1499999
4500000 3500000 1000000 1499999
5000000 3000000 1000000 1499999
5500000 2500000 1000000 1499999
6000000 2000000 1000000 1499999
6500000 1500000 1000000 1499999
7000000 1000000 1000000 1499999
7500000 500000 1000000 1499999
8000000 0 1000000 1499999
4000000 4500000 500000 1499999
4500000 4000000 500000 1499999
5000000 3500000 500000 1499999
5500000 3000000 500000 1499999
6000000 2500000 500000 1499999
6500000 2000000 500000 1499999
7000000 1500000 500000 1499999
7500000 1000000 500000 1499999
8000000 500000 500000 1499999
8500000 0 500000 1499999
4500000 4500000 0 1499999
5000000 4000000 0 1499999
5500000 3500000 0 1499999
6000000 3000000 0 1499999
6500000 2500000 0 1499999
7000000 2000000 0 1499999
7500000 1500000 0 1499999
8000000 1000000 0 1499999
8500000 500000 0 1499999
9000000 0 0 1499999