=== heappop ===
-3510651 18545492 64483629

-99688550 114723390 160661527
28548648 -13513808 32424329
-99688550 -13513808 32424329
92667247 50604791 32424329
28548648 -77632407 160661527
28548648 -13513808 96542928
28548648 114723390 96542928
92667247 50604791 160661527
92667247 114723390 160661527
92667247 -13513808 160661527
-99688550 50604791 32424329
-35569951 50604791 -31694270
-99688550 50604791 160661527
-35569951 114723390 160661527
28548648 -77632407 -31694270
-35569951 -77632407 96542928
-35569951 -77632407 32424329
28548648 -77632407 32424329
28548648 -77632407 96542928
-35569951 -13513808 160661527
28548648 -13513808 160661527
28548648 114723390 32424329
-99688550 50604791 -31694270
-35569951 50604791 32424329
-99688550 50604791 96542928
-99688550 -13513808 -31694270
92667247 -77632407 -31694270
-99688550 -13513808 96542928
92667247 -77632407 96542928
92667247 50604791 -31694270
92667247 50604791 96542928
-35569951 -13513808 -31694270
28548648 114723390 -31694270
92667247 114723390 -31694270
-35569951 50604791 96542928
92667247 -77632407 32424329
-99688550 -77632407 96542928
-99688550 -77632407 -31694270
-35569951 -77632407 -31694270
28548648 114723390 160661527
28548648 50604791 96542928
28548648 50604791 -31694270
-35569951 -13513808 32424329
-35569951 -13513808 96542928
92667247 114723390 32424329
92667247 114723390 96542928
-3510651 18545492 64483629
28548648 50604791 32424329
-35569951 114723390 32424329
92667247 -13513808 32424329
-99688550 -13513808 160661527
-99688550 -77632407 160661527
-99688550 -77632407 32424329
-99688550 114723390 32424329
-99688550 114723390 -31694270
28548648 50604791 160661527
-35569951 114723390 -31694270
92667247 -13513808 -31694270
-35569951 114723390 96542928
92667247 -13513808 96542928
92667247 -77632407 160661527
28548648 -13513808 -31694270
-99688550 114723390 96542928
-35569951 50604791 160661527
-35569951 -77632407 160661527
=== heappop ===
-35569951 50604791 32424329

-83658900 2515842 80513277
-19540302 98693739 -15664620
-19540302 98693739 16394679
-51599601 34575141 48453978
12518997 34575141 80513277
12518997 2515842 16394679
-83658900 2515842 16394679
-19540302 2515842 48453978
-19540302 2515842 80513277
-51599601 34575141 80513277
-51599601 98693739 80513277
-83658900 2515842 48453978
-51599601 98693739 16394679
-51599601 2515842 16394679
-19540302 66634440 80513277
12518997 66634440 -15664620
-51599601 66634440 48453978
12518997 34575141 16394679
12518997 98693739 48453978
-51599601 2515842 80513277
-35569951 50604791 32424329
-83658900 66634440 48453978
-19540302 98693739 48453978
-83658900 34575141 80513277
-83658900 34575141 16394679
-19540302 2515842 -15664620
12518997 66634440 48453978
-83658900 98693739 -15664620
-51599601 98693739 -15664620
-19540302 66634440 16394679
12518997 66634440 16394679
-83658900 98693739 48453978
12518997 98693739 -15664620
-19540302 34575141 16394679
-51599601 2515842 -15664620
-19540302 34575141 48453978
-51599601 2515842 48453978
12518997 66634440 80513277
12518997 98693739 16394679
-83658900 98693739 16394679
-19540302 66634440 -15664620
-83658900 98693739 80513277
12518997 2515842 -15664620
-83658900 66634440 -15664620
-19540302 34575141 80513277
-51599601 66634440 80513277
12518997 98693739 80513277
-83658900 66634440 16394679
-51599601 66634440 16394679
12518997 34575141 48453978
-83658900 2515842 -15664620
-19540302 98693739 80513277
-51599601 98693739 48453978
-83658900 66634440 80513277
-19540302 34575141 -15664620
-51599601 66634440 -15664620
-19540302 66634440 48453978
-51599601 34575141 -15664620
-83658900 34575141 48453978
12518997 2515842 80513277
12518997 2515842 48453978
12518997 34575141 -15664620
-83658900 34575141 -15664620
-19540302 2515842 16394679
-51599601 34575141 16394679
=== heappop ===
-3510651 18545492 64483629

44578297 66634440 16394680
12518998 2515842 48453979
-19540301 66634440 48453979
12518998 -29543457 80513278
44578297 2515842 112572577
12518998 -29543457 48453979
12518998 2515842 112572577
-51599600 -29543457 48453979
-51599600 34575141 112572577
12518998 34575141 112572577
-51599600 34575141 80513278
12518998 66634440 16394680
-19540301 66634440 16394680
-51599600 -29543457 112572577
-51599600 34575141 48453979
12518998 -29543457 112572577
12518998 34575141 48453979
44578297 2515842 80513278
44578297 -29543457 112572577
44578297 66634440 48453979
44578297 34575141 112572577
-19540301 34575141 16394680
-51599600 66634440 112572577
-19540301 -29543457 16394680
-19540301 2515842 80513278
44578297 2515842 16394680
-19540301 2515842 48453979
-51599600 2515842 80513278
-51599600 -29543457 16394680
-19540301 2515842 112572577
12518998 2515842 16394680
12518998 34575141 16394680
44578297 -29543457 48453979
44578297 -29543457 80513278
-19540301 -29543457 112572577
-51599600 2515842 16394680
-51599600 -29543457 80513278
-3510651 18545492 64483629
-19540301 -29543457 48453979
44578297 34575141 16394680
44578297 66634440 80513278
44578297 66634440 112572577
12518998 2515842 80513278
12518998 34575141 80513278
12518998 -29543457 16394680
-19540301 -29543457 80513278
-19540301 2515842 16394680
-51599600 34575141 16394680
44578297 2515842 48453979
-19540301 66634440 112572577
12518998 66634440 112572577
-51599600 66634440 16394680
-51599600 2515842 112572577
-19540301 34575141 48453979
-19540301 34575141 80513278
-51599600 66634440 48453979
-51599600 2515842 48453979
-19540301 34575141 112572577
44578297 34575141 48453979
44578297 -29543457 16394680
12518998 66634440 48453979
-51599600 66634440 80513278
12518998 66634440 80513278
-19540301 66634440 80513278
44578297 34575141 80513278
=== heappop ===
28548648 50604791 96542928

76637596 2515842 48453979
76637596 34575141 112572577
44578297 66634440 144631876
12518998 2515842 48453979
-19540301 66634440 48453979
76637596 2515842 80513278
44578297 2515842 112572577
76637596 66634440 48453979
12518998 34575141 112572577
12518998 2515842 112572577
76637596 66634440 144631876
44578297 2515842 80513278
12518998 34575141 48453979
76637596 2515842 112572577
44578297 66634440 48453979
-19540301 98693739 112572577
76637596 34575141 80513278
-19540301 98693739 144631876
12518998 98693739 144631876
44578297 34575141 112572577
76637596 2515842 144631876
-19540301 2515842 80513278
12518998 98693739 112572577
44578297 34575141 144631876
76637596 98693739 80513278
-19540301 2515842 144631876
44578297 98693739 112572577
76637596 98693739 48453979
-19540301 2515842 48453979
12518998 98693739 80513278
76637596 34575141 144631876
-19540301 2515842 112572577
44578297 98693739 144631876
28548648 50604791 96542928
44578297 2515842 144631876
12518998 98693739 48453979
-19540301 98693739 48453979
-19540301 98693739 80513278
12518998 34575141 144631876
76637596 66634440 80513278
44578297 66634440 80513278
44578297 66634440 112572577
76637596 66634440 112572577
12518998 2515842 80513278
12518998 34575141 80513278
-19540301 66634440 144631876
12518998 2515842 144631876
44578297 2515842 48453979
-19540301 66634440 112572577
12518998 66634440 112572577
12518998 66634440 144631876
44578297 98693739 48453979
76637596 34575141 48453979
-19540301 34575141 48453979
-19540301 34575141 80513278
-19540301 34575141 112572577
44578297 98693739 80513278
76637596 98693739 144631876
-19540301 34575141 144631876
44578297 34575141 48453979
76637596 98693739 112572577
12518998 66634440 48453979
12518998 66634440 80513278
-19540301 66634440 80513278
44578297 34575141 80513278
=== heappop ===
28548648 -13513808 32424329

44578297 34575140 -15664620
12518998 34575140 48453978
-19540301 -61602757 16394679
76637596 -29543458 -15664620
44578297 34575140 48453978
76637596 34575140 -15664620
12518998 -61602757 48453978
44578297 -29543458 80513277
76637596 -61602757 16394679
44578297 -29543458 48453978
76637596 34575140 48453978
44578297 -29543458 16394679
76637596 -61602757 80513277
-19540301 34575140 -15664620
12518998 -61602757 16394679
12518998 2515841 48453978
44578297 2515841 -15664620
76637596 -29543458 80513277
-19540301 -61602757 48453978
76637596 2515841 80513277
-19540301 2515841 16394679
44578297 2515841 16394679
-19540301 -61602757 -15664620
12518998 -61602757 -15664620
76637596 2515841 16394679
-19540301 -29543458 16394679
76637596 2515841 -15664620
76637596 -29543458 16394679
-19540301 2515841 80513277
-19540301 34575140 80513277
-19540301 34575140 48453978
12518998 2515841 -15664620
-19540301 -29543458 80513277
44578297 -61602757 -15664620
44578297 -61602757 48453978
12518998 -29543458 16394679
12518998 -29543458 48453978
44578297 -61602757 16394679
12518998 -29543458 80513277
-19540301 34575140 16394679
-19540301 -29543458 -15664620
44578297 -61602757 80513277
12518998 2515841 16394679
-19540301 2515841 -15664620
12518998 34575140 -15664620
76637596 34575140 16394679
76637596 34575140 80513277
44578297 34575140 16394679
44578297 -29543458 -15664620
76637596 2515841 48453978
-19540301 -29543458 48453978
44578297 34575140 80513277
12518998 2515841 80513277
-19540301 2515841 48453978
44578297 2515841 80513277
76637596 -29543458 48453978
76637596 -61602757 -15664620
12518998 34575140 80513277
12518998 -29543458 -15664620
76637596 -61602757 48453978
12518998 34575140 16394679
28548648 -13513808 32424329
12518998 -61602757 80513277
-19540301 -61602757 80513277
44578297 2515841 48453978
=== heappop ===
12518997 2515842 48453978

36563470 -21528632 24409504
36563470 26560315 40439153
-11525477 -21528632 72498451
20533821 26560315 24409504
36563470 10530666 72498451
-11525477 10530666 24409504
-11525477 26560315 72498451
4504172 -21528632 40439153
36563470 10530666 24409504
36563470 -5498983 24409504
-11525477 -21528632 40439153
20533821 26560315 56468802
-11525477 10530666 56468802
-11525477 26560315 40439153
4504172 -21528632 72498451
4504172 -5498983 72498451
20533821 -21528632 40439153
20533821 -5498983 56468802
36563470 -21528632 40439153
-11525477 -5498983 24409504
4504172 10530666 72498451
4504172 26560315 24409504
20533821 10530666 56468802
36563470 -21528632 56468802
36563470 26560315 24409504
36563470 26560315 72498451
4504172 -5498983 40439153
20533821 -21528632 72498451
20533821 -5498983 24409504
36563470 10530666 40439153
-11525477 -5498983 56468802
4504172 10530666 40439153
4504172 26560315 56468802
20533821 10530666 24409504
36563470 -5498983 72498451
-11525477 10530666 40439153
-11525477 26560315 56468802
4504172 -21528632 24409504
20533821 -5498983 40439153
-11525477 -21528632 56468802
20533821 26560315 40439153
-11525477 -5498983 40439153
36563470 -21528632 72498451
-11525477 26560315 24409504
-11525477 10530666 72498451
4504172 -21528632 56468802
36563470 26560315 56468802
-11525477 -21528632 24409504
4504172 10530666 56468802
4504172 26560315 40439153
20533821 10530666 72498451
-11525477 -5498983 72498451
20533821 26560315 72498451
36563470 10530666 56468802
36563470 -5498983 56468802
20533821 -21528632 56468802
4504172 -5498983 56468802
20533821 -21528632 24409504
20533821 -5498983 72498451
36563470 -5498983 40439153
12518997 2515842 48453978
4504172 10530666 24409504
4504172 26560315 72498451
20533821 10530666 40439153
4504172 -5498983 24409504
=== heappop ===
4504172 26560315 56468802

-7518065 22552902 60476213
-7518065 30567726 68491037
-7518065 38582550 44446565
496759 14538078 44446565
496759 38582550 44446565
8511583 14538078 44446565
16526407 22552902 60476213
16526407 30567726 68491037
16526407 38582550 44446565
8511583 22552902 60476213
8511583 30567726 68491037
8511583 38582550 44446565
16526407 14538078 44446565
8511583 22552902 52461389
8511583 30567726 44446565
8511583 38582550 68491037
16526407 14538078 68491037
8511583 14538078 68491037
16526407 22552902 52461389
16526407 30567726 44446565
16526407 38582550 68491037
-7518065 22552902 52461389
-7518065 30567726 44446565
-7518065 38582550 68491037
496759 14538078 68491037
496759 30567726 68491037
-7518065 14538078 68491037
496759 22552902 52461389
496759 30567726 44446565
496759 38582550 68491037
8511583 14538078 60476213
16526407 22552902 44446565
16526407 30567726 52461389
4504172 26560315 56468802
16526407 38582550 60476213
8511583 22552902 44446565
8511583 30567726 52461389
8511583 38582550 60476213
16526407 14538078 60476213
-7518065 14538078 60476213
496759 22552902 44446565
496759 30567726 52461389
496759 38582550 60476213
-7518065 22552902 44446565
-7518065 30567726 52461389
-7518065 38582550 60476213
496759 14538078 60476213
-7518065 22552902 68491037
-7518065 38582550 52461389
-7518065 30567726 60476213
496759 14538078 52461389
-7518065 14538078 52461389
496759 22552902 68491037
496759 30567726 60476213
496759 38582550 52461389
496759 22552902 60476213
8511583 22552902 68491037
8511583 30567726 60476213
8511583 38582550 52461389
16526407 14538078 52461389
8511583 14538078 52461389
16526407 22552902 68491037
16526407 30567726 60476213
16526407 38582550 52461389
-7518065 14538078 44446565
=== heappop ===
16526407 22552902 52461389

10515289 16541784 50457683
10515289 20549196 54465095
22537525 16541784 58472507
18530113 16541784 50457683
18530113 20549196 54465095
22537525 28564020 46450271
10515289 16541784 54465095
10515289 20549196 50457683
10515289 24556608 46450271
10515289 24556608 58472507
18530113 28564020 54465095
18530113 16541784 54465095
18530113 20549196 50457683
18530113 24556608 46450271
10515289 28564020 54465095
18530113 24556608 58472507
14522701 28564020 54465095
22537525 16541784 50457683
22537525 20549196 54465095
16526407 22552902 52461389
14522701 24556608 58472507
14522701 16541784 54465095
14522701 20549196 50457683
14522701 24556608 46450271
22537525 28564020 50457683
22537525 24556608 58472507
18530113 20549196 46450271
18530113 24556608 50457683
14522701 16541784 50457683
14522701 20549196 54465095
22537525 28564020 54465095
10515289 24556608 50457683
10515289 20549196 46450271
14522701 24556608 50457683
18530113 28564020 50457683
14522701 20549196 58472507
22537525 28564020 58472507
10515289 28564020 50457683
22537525 16541784 46450271
22537525 24556608 54465095
14522701 16541784 58472507
14522701 16541784 46450271
14522701 24556608 54465095
14522701 28564020 46450271
22537525 20549196 46450271
22537525 24556608 50457683
14522701 28564020 58472507
22537525 20549196 58472507
10515289 28564020 58472507
18530113 16541784 46450271
18530113 24556608 54465095
10515289 28564020 46450271
18530113 16541784 58472507
10515289 16541784 46450271
10515289 24556608 54465095
18530113 28564020 58472507
10515289 16541784 58472507
18530113 28564020 46450271
18530113 20549196 58472507
14522701 28564020 50457683
22537525 16541784 54465095
22537525 20549196 50457683
22537525 24556608 46450271
10515289 20549196 58472507
14522701 20549196 46450271
=== heappop ===
14522701 28564020 50457683

11517142 25558461 49455830
15524554 25558461 53463242
13520848 25558461 53463242
17528260 31569579 51459536
11517142 31569579 47452124
15524554 27562167 47452124
11517142 27562167 49455830
11517142 31569579 53463242
13520848 27562167 49455830
13520848 31569579 53463242
15524554 27562167 53463242
15524554 31569579 49455830
17528260 25558461 51459536
17528260 29565873 47452124
11517142 27562167 51459536
15524554 31569579 51459536
15524554 25558461 47452124
15524554 29565873 51459536
13520848 25558461 49455830
17528260 27562167 51459536
11517142 25558461 51459536
11517142 29565873 47452124
13520848 25558461 51459536
13520848 29565873 47452124
13520848 29565873 53463242
17528260 27562167 49455830
11517142 31569579 51459536
15524554 27562167 51459536
13520848 27562167 51459536
17528260 25558461 49455830
17528260 31569579 47452124
17528260 31569579 53463242
15524554 25558461 51459536
15524554 29565873 47452124
11517142 27562167 47452124
15524554 31569579 47452124
13520848 31569579 47452124
17528260 29565873 53463242
11517142 25558461 53463242
15524554 25558461 49455830
11517142 25558461 47452124
11517142 29565873 51459536
13520848 25558461 47452124
13520848 29565873 51459536
11517142 29565873 49455830
15524554 29565873 53463242
13520848 31569579 49455830
17528260 27562167 53463242
11517142 31569579 49455830
11517142 27562167 53463242
15524554 27562167 49455830
15524554 31569579 53463242
13520848 27562167 47452124
17528260 29565873 49455830
17528260 31569579 49455830
17528260 25558461 47452124
17528260 29565873 51459536
13520848 31569579 51459536
14522701 28564020 50457683
11517142 29565873 53463242
15524554 29565873 49455830
13520848 29565873 49455830
17528260 25558461 53463242
17528260 27562167 47452124
13520848 27562167 53463242
=== heappop ===
15524554 29565873 51459536

14021775 29064947 49956757
15023628 29064947 50958610
16025481 29064947 49956757
14021775 30066800 50958610
16025481 28063094 51960463
15023628 30066800 50958610
15524554 29565873 51459536
16025481 29064947 50958610
14021775 30066800 51960463
14021775 28063094 50958610
16025481 30066800 49956757
16025481 29064947 51960463
14021775 29064947 50958610
15023628 30066800 49956757
14021775 29064947 51960463
16025481 28063094 49956757
15023628 29064947 51960463
15023628 28063094 51960463
14021775 28063094 49956757
16025481 28063094 50958610
16025481 30066800 51960463
15023628 28063094 50958610
15023628 28063094 49956757
14021775 30066800 49956757
14021775 28063094 51960463
16025481 30066800 50958610
15023628 30066800 51960463
15023628 29064947 49956757
=== heappop ===
17528260 27562167 51459536

17027334 27061241 49956757
17027334 26059388 51960463
16025481 26059388 51960463
16025481 27061241 51960463
16025481 28063094 51960463
18029187 26059388 49956757
17027334 28063094 51960463
16025481 27061241 50958610
17528260 27562167 51459536
16025481 27061241 49956757
18029187 28063094 49956757
18029187 28063094 50958610
17027334 28063094 50958610
17027334 26059388 49956757
18029187 26059388 50958610
16025481 28063094 49956757
17027334 27061241 51960463
16025481 26059388 49956757
18029187 27061241 49956757
16025481 26059388 50958610
17027334 27061241 50958610
17027334 28063094 49956757
18029187 27061241 50958610
16025481 28063094 50958610
18029187 28063094 51960463
17027334 26059388 50958610
18029187 26059388 51960463
18029187 27061241 51960463
=== heappop ===
17528260 29565873 51459536

17027334 30066800 49956757
18029187 29064947 50958610
16025481 29064947 49956757
18029187 29064947 49956757
16025481 28063094 51960463
16025481 29064947 50958610
17027334 28063094 51960463
16025481 30066800 49956757
18029187 28063094 49956757
18029187 28063094 50958610
17027334 28063094 50958610
16025481 29064947 51960463
16025481 28063094 49956757
18029187 30066800 51960463
17027334 29064947 51960463
17027334 28063094 49956757
17027334 29064947 50958610
16025481 28063094 50958610
16025481 30066800 51960463
18029187 30066800 50958610
18029187 28063094 51960463
18029187 29064947 51960463
17027334 30066800 51960463
17027334 29064947 49956757
17528260 29565873 51459536
16025481 30066800 50958610
18029187 30066800 49956757
17027334 30066800 50958610
=== heappop ===
17027334 29064947 51960463

17277797 28814484 51710000
17778723 29315410 51710000
16776871 29816336 52711852
16275945 29315410 52210926
16776871 29315410 51209074
17277797 29315410 52210926
17778723 28814484 52210926
17778723 28313558 52210926
17277797 29315410 51710000
17778723 28814484 51710000
16776871 29315410 52711852
16275945 29816336 51209074
16776871 29816336 51209074
17277797 28814484 52210926
17778723 29315410 52210926
16275945 28313558 52711852
17277797 29816336 51710000
17778723 28313558 51710000
16776871 28814484 52711852
16275945 29315410 51209074
17277797 28313558 52210926
17778723 29816336 52210926
16275945 28814484 52711852
16776871 28814484 51710000
16776871 28313558 52711852
16275945 28814484 51209074
17277797 28814484 51209074
17778723 29315410 51209074
16275945 29315410 52711852
16776871 28313558 51710000
17277797 29315410 52711852
17778723 28814484 52711852
16275945 28313558 51209074
17277797 28313558 51209074
17778723 29816336 51209074
16776871 29315410 52210926
16275945 29816336 52711852
16776871 29816336 51710000
17277797 29816336 52711852
17778723 28313558 52711852
17277797 29816336 51209074
17778723 28313558 51209074
16776871 29816336 52210926
16275945 29315410 51710000
17027334 29064947 51960463
16776871 29315410 51710000
17277797 28313558 52711852
17778723 29816336 52711852
16275945 28814484 52210926
17277797 29315410 51209074
17778723 28814484 51209074
16776871 28313558 52210926
16275945 29816336 51710000
17277797 28814484 52711852
17778723 29315410 52711852
16275945 28313558 52210926
16776871 28313558 51209074
16776871 28814484 52210926
16275945 28313558 51710000
17277797 28313558 51710000
17778723 29816336 51710000
16275945 29816336 52210926
16776871 28814484 51209074
17277797 29816336 52210926
16275945 28814484 51710000
=== heappop ===
17027334 29064947 51960463

16902103 29190179 52085695
16902103 28689253 51584769
16902103 29190179 51835232
17152566 29190179 51584769
17152566 29190179 52085695
17152566 28689253 51835232
16902103 28689253 52085695
16902103 29190179 51584769
16902103 28939716 51835232
17152566 28939716 52085695
17152566 28689253 51584769
16651640 28939716 51584769
17027334 29064947 51960463
16651640 29190179 51584769
17152566 28939716 51835232
16651640 28689253 52085695
16902103 28939716 51584769
16902103 28939716 52085695
16651640 28689253 51584769
16651640 28939716 52085695
16651640 29190179 52085695
16651640 29190179 51835232
16902103 28689253 51835232
17152566 28939716 51584769
16651640 28939716 51835232
17152566 28689253 52085695
17152566 29190179 51835232
16651640 28689253 51835232
=== heappop ===
17152566 29190179 52085695

17215181 29252794 52148310
17340412 29378025 52148310
17340412 29002332 51897848
16964719 29002332 52148310
16964719 29378025 52273541
17340412 29127563 52273541
16964719 29378025 51897848
17340412 29002332 52273541
17340412 29127563 52023079
16964719 29252794 51897848
17089950 29378025 52023079
17089950 29252794 52273541
17089950 29378025 51897848
17215181 29378025 52273541
17215181 29002332 52273541
17340412 29127563 51897848
17340412 29127563 52148310
16964719 29378025 52023079
17340412 29252794 52273541
17089950 29002332 52273541
17089950 29127563 51897848
17152566 29190179 52085695
17089950 29127563 52148310
17215181 29002332 52023079
17215181 29127563 52148310
17215181 29252794 51897848
17340412 29378025 51897848
17340412 29252794 52148310
16964719 29002332 52273541
16964719 29378025 52148310
17215181 29002332 52148310
17215181 29127563 51897848
17215181 29127563 52023079
17340412 29002332 52148310
17089950 29378025 52148310
17215181 29252794 52023079
17340412 29378025 52023079
17089950 29252794 52148310
16964719 29252794 52148310
17089950 29127563 52023079
16964719 29127563 52148310
17215181 29378025 52023079
17340412 29252794 52023079
16964719 29002332 51897848
17089950 29002332 52023079
17089950 29378025 52273541
17215181 29252794 52273541
17340412 29378025 52273541
17089950 29127563 52273541
16964719 29252794 52023079
17089950 29002332 51897848
17340412 29002332 52023079
16964719 29002332 52023079
17215181 29127563 52273541
17215181 29378025 51897848
17340412 29252794 51897848
17089950 29002332 52148310
17089950 29252794 52023079
16964719 29127563 52023079
16964719 29127563 51897848
17215181 29378025 52148310
17215181 29002332 51897848
16964719 29127563 52273541
17089950 29252794 51897848
16964719 29252794 52273541
=== heappop ===
17340412 29127563 52023079

17246489 29096255 51991771
17434334 29221485 52117001
17434334 29096255 52117001
17340412 29127563 52023079
17371719 29158870 52054386
17371719 29033640 51991771
17309104 29096255 51991771
17434334 29033640 51929156
17371719 29221485 51929156
17371719 29033640 51929156
17434334 29096255 52054386
17434334 29221485 52054386
17246489 29221485 51991771
17309104 29158870 51991771
17246489 29096255 52054386
17371719 29096255 52054386
17434334 29158870 52117001
17246489 29033640 52054386
17246489 29158870 51991771
17309104 29221485 51991771
17371719 29033640 52117001
17309104 29096255 52054386
17309104 29033640 51929156
17371719 29221485 52117001
17246489 29158870 51929156
17309104 29221485 51929156
17246489 29033640 52117001
17434334 29158870 52054386
17371719 29096255 52117001
17246489 29221485 52054386
17309104 29158870 52054386
17246489 29096255 52117001
17246489 29221485 51929156
17309104 29158870 51929156
17434334 29096255 51991771
17246489 29033640 51929156
17434334 29221485 51991771
17434334 29158870 51991771
17246489 29158870 52054386
17246489 29158870 52117001
17309104 29033640 52054386
17309104 29033640 52117001
17309104 29096255 51929156
17309104 29221485 52054386
17309104 29221485 52117001
17371719 29221485 51991771
17434334 29033640 51991771
17434334 29158870 51929156
17371719 29158870 52117001
17434334 29221485 51929156
17246489 29033640 51991771
17434334 29096255 51929156
17246489 29096255 51929156
17246489 29221485 52117001
17309104 29158870 52117001
17371719 29158870 51929156
17371719 29096255 51929156
17309104 29096255 52117001
17371719 29033640 52054386
17371719 29221485 52054386
17309104 29033640 51991771
17434334 29033640 52054386
17434334 29033640 52117001
17371719 29096255 51991771
17371719 29158870 51991771
=== heappop ===
17309104 29096255 52117001

17293450 29111908 52101347
17324757 29143215 52132654
17262143 29143215 52163961
17356064 29111908 52163961
17293450 29049294 52163961
17262143 29080601 52132654
17356064 29143215 52101347
17262143 29080601 52070040
17356064 29080601 52101347
17293450 29049294 52132654
17324757 29049294 52070040
17356064 29080601 52132654
17356064 29143215 52070040
17262143 29049294 52163961
17293450 29111908 52132654
17324757 29143215 52101347
17293450 29143215 52101347
17262143 29080601 52163961
17262143 29111908 52163961
17324757 29111908 52163961
17293450 29080601 52163961
17324757 29080601 52070040
17356064 29111908 52070040
17262143 29143215 52070040
17293450 29049294 52101347
17356064 29049294 52132654
17262143 29049294 52070040
17262143 29049294 52101347
17262143 29143215 52101347
17293450 29111908 52163961
17356064 29111908 52101347
17293450 29080601 52070040
17293450 29143215 52132654
17324757 29080601 52163961
17356064 29143215 52163961
17356064 29080601 52163961
17293450 29080601 52132654
17293450 29143215 52070040
17356064 29049294 52101347
17356064 29049294 52070040
17262143 29049294 52132654
17324757 29049294 52101347
17324757 29143215 52163961
17262143 29080601 52101347
17356064 29080601 52070040
17356064 29143215 52132654
17293450 29080601 52101347
17293450 29111908 52070040
17262143 29143215 52132654
17356064 29111908 52132654
17356064 29049294 52163961
17262143 29111908 52101347
17324757 29080601 52132654
17293450 29143215 52163961
17324757 29111908 52101347
17309104 29096255 52117001
17293450 29049294 52070040
17324757 29049294 52132654
17262143 29111908 52132654
17324757 29080601 52101347
17324757 29111908 52132654
17324757 29111908 52070040
17324757 29049294 52163961
17262143 29111908 52070040
17324757 29143215 52070040
=== heappop ===
17293450 29111908 52132654

17269970 29104081 52109174
17301276 29119734 52109174
17316929 29088428 52140480
17301276 29119734 52124827
17301276 29104081 52156133
17316929 29104081 52140480
17285623 29104081 52156133
17285623 29119734 52109174
17316929 29088428 52156133
17269970 29119734 52109174
17269970 29135387 52124827
17293450 29111908 52132654
17285623 29104081 52109174
17269970 29135387 52140480
17285623 29088428 52124827
17285623 29119734 52156133
17301276 29135387 52124827
17285623 29088428 52140480
17301276 29135387 52140480
17316929 29119734 52140480
17301276 29104081 52109174
17269970 29088428 52156133
17269970 29104081 52156133
17269970 29119734 52156133
17316929 29104081 52124827
17285623 29135387 52156133
17316929 29119734 52156133
17316929 29135387 52109174
17285623 29135387 52140480
17316929 29135387 52124827
17301276 29088428 52156133
17269970 29088428 52140480
17301276 29088428 52140480
17301276 29088428 52124827
17301276 29088428 52109174
17285623 29135387 52124827
17269970 29119734 52124827
17301276 29104081 52140480
17269970 29088428 52124827
17316929 29104081 52156133
17316929 29119734 52109174
17316929 29135387 52140480
17316929 29135387 52156133
17269970 29088428 52109174
17316929 29119734 52124827
17269970 29104081 52124827
17285623 29135387 52109174
17285623 29119734 52140480
17285623 29088428 52109174
17285623 29104081 52140480
17269970 29135387 52109174
17285623 29104081 52124827
17301276 29135387 52109174
17269970 29104081 52140480
17285623 29088428 52156133
17301276 29119734 52156133
17301276 29135387 52156133
17269970 29135387 52156133
17285623 29119734 52124827
17316929 29104081 52109174
17316929 29088428 52124827
17301276 29119734 52140480
17316929 29088428 52109174
17269970 29119734 52140480
17301276 29104081 52124827
=== heappop ===
17301276 29119734 52124827

17289536 29107994 52128739
17297362 29107994 52128739
17297362 29123646 52113087
17297362 29123646 52120913
17305188 29107994 52128739
17297362 29107994 52113087
17297362 29123646 52128739
17297362 29123646 52136565
17305188 29107994 52120913
17305188 29123646 52128739
17305188 29123646 52136565
17289536 29131472 52120913
17305188 29115820 52120913
17289536 29131472 52128739
17305188 29115820 52128739
17301276 29119734 52124827
17289536 29131472 52136565
17305188 29115820 52136565
17313014 29115820 52120913
17313014 29115820 52128739
17313014 29123646 52128739
17313014 29107994 52128739
17313014 29131472 52136565
17297362 29107994 52136565
17305188 29123646 52113087
17289536 29123646 52120913
17289536 29107994 52136565
17297362 29115820 52128739
17289536 29115820 52128739
17305188 29131472 52128739
17289536 29107994 52113087
17289536 29115820 52113087
17297362 29131472 52120913
17305188 29131472 52113087
17297362 29131472 52136565
17313014 29131472 52113087
17313014 29123646 52113087
17289536 29115820 52136565
17305188 29131472 52136565
17297362 29115820 52136565
17289536 29115820 52120913
17297362 29131472 52113087
17297362 29115820 52120913
17305188 29131472 52120913
17297362 29115820 52113087
17305188 29107994 52136565
17305188 29123646 52120913
17313014 29123646 52136565
17313014 29123646 52120913
17313014 29115820 52136565
17313014 29115820 52113087
17305188 29115820 52113087
17313014 29131472 52120913
17313014 29131472 52128739
17297362 29107994 52120913
17305188 29107994 52113087
17289536 29107994 52120913
17289536 29123646 52136565
17297362 29131472 52128739
17289536 29123646 52113087
17313014 29107994 52113087
17313014 29107994 52120913
17313014 29107994 52136565
17289536 29131472 52113087
17289536 29123646 52128739
=== heappop ===
17305188 29115820 52136565

17303231 29121689 52138521
17299318 29113863 52142434
17299318 29113863 52134608
17311057 29117776 52138521
17307144 29121689 52142434
17303231 29113863 52134608
17303231 29121689 52134608
17307144 29113863 52134608
17307144 29113863 52138521
17299318 29109950 52130695
17299318 29121689 52138521
17305188 29115820 52136565
17299318 29121689 52134608
17307144 29113863 52142434
17299318 29113863 52138521
17311057 29121689 52142434
17299318 29109950 52142434
17303231 29109950 52142434
17307144 29113863 52130695
17303231 29109950 52130695
17311057 29113863 52130695
17307144 29109950 52130695
17307144 29109950 52142434
17311057 29109950 52142434
17303231 29117776 52138521
17303231 29117776 52134608
17299318 29117776 52130695
17311057 29109950 52130695
17303231 29109950 52134608
17303231 29109950 52138521
17299318 29109950 52138521
17307144 29117776 52130695
17307144 29117776 52134608
17307144 29117776 52138521
17307144 29117776 52142434
17307144 29121689 52130695
17299318 29113863 52130695
17307144 29121689 52134608
17311057 29121689 52130695
17299318 29121689 52142434
17311057 29121689 52138521
17299318 29121689 52130695
17303231 29121689 52130695
17299318 29109950 52134608
17307144 29121689 52138521
17311057 29117776 52142434
17311057 29121689 52134608
17303231 29113863 52130695
17311057 29117776 52130695
17299318 29117776 52134608
17299318 29117776 52138521
17303231 29121689 52142434
17303231 29113863 52142434
17303231 29117776 52142434
17307144 29109950 52134608
17307144 29109950 52138521
17311057 29109950 52134608
17311057 29109950 52138521
17311057 29113863 52134608
17311057 29113863 52138521
17311057 29113863 52142434
17303231 29117776 52130695
17311057 29117776 52134608
17303231 29113863 52138521
17299318 29117776 52142434
=== heappop ===
17303231 29121689 52138521

17303231 29121689 52138521
17300296 29118754 52137542
17300296 29120710 52135586
17300296 29122666 52141454
17300296 29124622 52139498
17302252 29118754 52139498
17302252 29120710 52141454
17302252 29122666 52135586
17302252 29124622 52137542
17306164 29118754 52139498
17306164 29120710 52141454
17306164 29122666 52135586
17306164 29124622 52137542
17306164 29118754 52135586
17306164 29120710 52137542
17306164 29122666 52139498
17306164 29124622 52141454
17300296 29120710 52139498
17306164 29122666 52141454
17300296 29124622 52135586
17302252 29118754 52135586
17300296 29122666 52135586
17300296 29120710 52141454
17300296 29124622 52137542
17302252 29118754 52137542
17300296 29118754 52139498
17302252 29120710 52135586
17302252 29122666 52141454
17302252 29124622 52139498
17300296 29118754 52135586
17300296 29120710 52137542
17300296 29122666 52139498
17300296 29124622 52141454
17302252 29118754 52141454
17302252 29120710 52139498
17302252 29122666 52137542
17302252 29122666 52139498
17302252 29124622 52135586
17306164 29118754 52141454
17306164 29120710 52139498
17306164 29122666 52137542
17306164 29124622 52135586
17300296 29118754 52141454
17302252 29124622 52141454
17306164 29118754 52137542
17306164 29120710 52135586
17304208 29118754 52137542
17304208 29120710 52135586
17304208 29122666 52141454
17304208 29124622 52139498
17304208 29118754 52135586
17304208 29120710 52137542
17304208 29122666 52139498
17304208 29124622 52141454
17304208 29118754 52141454
17304208 29120710 52139498
17304208 29122666 52137542
17304208 29124622 52135586
17304208 29118754 52139498
17304208 29120710 52141454
17304208 29122666 52135586
17304208 29124622 52137542
17302252 29120710 52137542
17306164 29124622 52139498
17300296 29122666 52137542
=== heappop ===
17304208 29120710 52139498

17304697 29122177 52139009
17302741 29119243 52140965
17304697 29120221 52139009
17302741 29119243 52139009
17304697 29121199 52139987
17305675 29120221 52140965
17303719 29119243 52139009
17303719 29121199 52140965
17304697 29119243 52139987
17305675 29120221 52139009
17303719 29119243 52138031
17302741 29122177 52139009
17305675 29122177 52139987
17304697 29120221 52138031
17305675 29122177 52140965
17304697 29121199 52140965
17302741 29122177 52138031
17302741 29119243 52139987
17303719 29122177 52138031
17303719 29121199 52139987
17304697 29119243 52140965
17303719 29120221 52138031
17305675 29120221 52139987
17305675 29119243 52138031
17303719 29120221 52139987
17305675 29120221 52138031
17305675 29121199 52138031
17303719 29122177 52139987
17302741 29120221 52138031
17302741 29119243 52138031
17304697 29122177 52139987
17304697 29122177 52138031
17302741 29120221 52139987
17304697 29120221 52140965
17305675 29122177 52138031
17302741 29121199 52139009
17305675 29121199 52139987
17302741 29121199 52140965
17305675 29119243 52139987
17303719 29119243 52140965
17303719 29121199 52139009
17303719 29121199 52138031
17304697 29119243 52138031
17302741 29122177 52139987
17305675 29122177 52139009
17304697 29121199 52138031
17302741 29122177 52140965
17304208 29120710 52139498
17304697 29120221 52139987
17302741 29120221 52140965
17304697 29121199 52139009
17302741 29120221 52139009
17303719 29119243 52139987
17304697 29119243 52139009
17302741 29121199 52139987
17305675 29119243 52140965
17305675 29121199 52139009
17305675 29119243 52139009
17305675 29121199 52140965
17303719 29120221 52139009
17303719 29122177 52139009
17303719 29122177 52140965
17303719 29120221 52140965
17302741 29121199 52138031
17304697 29122177 52140965
=== heappop ===
17304208 29120710 52139498

17304453 29120466 52138765
17303475 29119977 52138765
17303964 29120466 52139254
17303475 29120466 52139743
17303964 29120955 52138765
17303964 29119977 52138765
17303475 29119977 52139743
17303475 29120955 52139743
17304453 29120955 52138765
17303964 29120466 52139743
17303475 29120466 52139254
17304453 29120466 52139743
17303964 29119977 52139254
17303964 29120955 52139254
17303475 29120955 52139254
17303475 29120955 52138765
17304453 29120955 52139743
17304453 29119977 52139743
17303964 29120466 52138765
17303475 29119977 52139254
17303475 29120466 52138765
17303964 29119977 52139743
17304453 29120466 52139254
17303964 29120955 52139743
17304208 29120710 52139498
17304453 29120955 52139254
17304453 29119977 52139254
17304453 29119977 52138765
=== heappop ===
17304453 29120955 52139743

17304087 29120833 52139865
17304575 29121077 52140109
17304819 29121321 52139377
17304087 29121077 52139865
17304087 29121321 52140109
17304819 29120833 52139377
17304331 29121077 52139377
17304331 29121321 52139621
17304575 29120833 52139865
17304331 29120833 52139377
17304331 29121321 52139377
17304575 29120833 52140109
17304087 29120833 52139377
17304575 29121077 52139621
17304087 29120589 52140109
17304331 29121077 52139865
17304575 29120589 52139621
17304819 29120589 52139865
17304087 29120589 52139377
17304331 29121077 52139621
17304575 29120589 52139865
17304819 29120589 52139621
17304087 29120833 52140109
17304575 29121077 52139865
17304331 29121321 52140109
17304575 29120833 52139377
17304331 29120833 52140109
17304331 29121321 52139865
17304575 29120833 52139621
17304087 29121077 52139621
17304087 29121321 52139377
17304819 29120589 52139377
17304819 29120833 52140109
17304087 29120833 52139621
17304575 29121077 52139377
17304331 29120589 52139865
17304575 29121321 52139377
17304819 29121077 52139865
17304819 29121321 52140109
17304087 29120589 52139865
17304331 29121077 52140109
17304453 29120955 52139743
17304575 29120589 52139377
17304575 29121321 52140109
17304819 29120589 52140109
17304331 29120589 52140109
17304575 29121321 52139621
17304819 29121077 52140109
17304819 29121321 52139865
17304087 29121077 52140109
17304087 29121321 52139865
17304819 29120833 52139621
17304819 29121077 52139621
17304331 29120833 52139621
17304331 29120833 52139865
17304575 29120589 52140109
17304087 29121077 52139377
17304087 29121321 52139621
17304819 29120833 52139865
17304331 29120589 52139377
17304575 29121321 52139865
17304819 29121077 52139377
17304819 29121321 52139621
17304087 29120589 52139621
17304331 29120589 52139621
=== heappop ===
17304819 29120833 52139621

17304880 29121016 52139560
17305002 29120894 52139682
17305002 29120772 52139682
17304636 29120772 52139560
17305002 29121016 52139682
17304880 29120894 52139438
17304880 29120650 52139560
17304636 29120650 52139682
17304758 29120772 52139438
17304880 29121016 52139804
17304758 29120650 52139438
17304636 29120894 52139438
17304758 29121016 52139804
17304880 29120894 52139560
17304758 29120894 52139560
17305002 29120894 52139438
17304758 29120772 52139560
17304758 29121016 52139682
17304880 29120772 52139560
17304758 29120894 52139438
17304880 29121016 52139682
17304636 29120650 52139438
17304636 29120650 52139804
17305002 29120772 52139560
17304880 29120772 52139438
17305002 29121016 52139438
17305002 29121016 52139804
17304880 29120650 52139438
17304636 29120650 52139560
17305002 29120772 52139804
17304636 29121016 52139560
17305002 29120894 52139804
17304758 29120650 52139560
17304636 29120772 52139682
17305002 29121016 52139560
17304636 29120894 52139682
17305002 29120650 52139560
17304636 29121016 52139804
17305002 29120894 52139560
17304636 29121016 52139438
17304758 29121016 52139560
17304880 29120772 52139682
17304880 29120894 52139804
17305002 29120650 52139804
17305002 29120650 52139438
17304758 29120650 52139804
17304819 29120833 52139621
17304758 29120772 52139804
17304758 29120894 52139682
17304880 29121016 52139438
17305002 29120772 52139438
17304880 29120650 52139804
17304636 29120772 52139438
17304880 29120650 52139682
17304758 29120772 52139682
17304758 29120894 52139804
17304758 29120650 52139682
17304636 29120894 52139560
17305002 29120650 52139682
17304880 29120772 52139804
17304880 29120894 52139682
17304636 29121016 52139682
17304758 29121016 52139438
17304636 29120894 52139804
17304636 29120772 52139804
=== heappop ===
17304880 29121016 52139560

17304880 29121016 52139560
17304789 29120925 52139530
17304911 29120986 52139469
17304789 29121047 52139469
17304850 29121047 52139530
17304789 29120925 52139591
17304911 29120925 52139469
17304789 29120986 52139591
17304911 29121047 52139530
17304850 29120925 52139591
17304850 29121047 52139591
17304911 29120986 52139591
17304789 29121047 52139591
17304789 29120986 52139530
17304911 29121047 52139591
17304850 29120986 52139469
17304789 29120925 52139469
17304911 29120986 52139530
17304911 29120925 52139591
17304789 29120986 52139469
17304850 29120986 52139530
17304789 29121047 52139530
17304850 29121047 52139469
17304911 29121047 52139469
17304850 29120925 52139469
17304911 29120925 52139530
17304850 29120925 52139530
17304850 29120986 52139591
=== heappop ===
17304880 29121016 52139682

17304850 29121047 52139713
17304789 29121047 52139652
17304911 29121047 52139713
17304789 29120925 52139591
17304850 29120925 52139713
17304789 29120986 52139591
17304850 29120925 52139591
17304911 29120925 52139652
17304850 29121047 52139591
17304880 29121016 52139682
17304789 29120986 52139713
17304911 29120986 52139591
17304789 29121047 52139591
17304911 29121047 52139591
17304789 29120986 52139652
17304789 29120925 52139652
17304911 29120925 52139591
17304850 29120986 52139652
17304850 29121047 52139652
17304911 29120986 52139713
17304789 29121047 52139713
17304789 29120925 52139713
17304850 29120925 52139652
17304850 29120986 52139713
17304911 29121047 52139652
17304911 29120986 52139652
17304911 29120925 52139713
17304850 29120986 52139591
=== heappop ===
17305002 29121016 52139560

17305033 29121047 52139530
17305033 29120986 52139469
17304911 29120986 52139469
17305033 29120925 52139591
17304972 29120986 52139591
17304972 29121047 52139469
17304911 29120925 52139469
17305033 29121047 52139591
17304911 29121047 52139530
17304972 29121047 52139530
17304972 29120925 52139530
17304972 29120986 52139530
17305033 29120986 52139530
17304911 29120986 52139591
17305033 29120925 52139530
17304972 29120986 52139469
17304911 29121047 52139591
17304972 29121047 52139591
17305033 29120925 52139469
17305002 29121016 52139560
17305033 29120986 52139591
17304911 29120986 52139530
17304911 29120925 52139591
17304972 29120925 52139591
17305033 29121047 52139469
17304911 29121047 52139469
17304911 29120925 52139530
17304972 29120925 52139469
=== heappop ===
17304972 29120986 52139591

17304927 29120971 52139636
17304927 29121031 52139576
17304987 29120941 52139636
17304987 29120971 52139606
17304987 29121031 52139546
17304957 29121001 52139576
17304957 29121031 52139546
17305017 29120971 52139546
17304972 29120986 52139591
17305017 29121001 52139636
17304927 29120971 52139546
17304927 29121031 52139606
17304987 29120941 52139606
17304987 29120971 52139636
17304987 29121031 52139576
17304957 29120941 52139546
17304957 29120971 52139576
17304957 29121031 52139606
17304987 29121001 52139606
17305017 29120941 52139606
17305017 29121031 52139576
17304927 29120971 52139576
17304927 29121031 52139636
17304957 29120941 52139576
17304957 29120971 52139546
17304957 29121031 52139576
17305017 29120941 52139636
17305017 29121031 52139546
17304927 29121001 52139576
17304927 29120941 52139636
17305017 29121001 52139576
17304957 29120941 52139606
17304957 29120971 52139636
17304987 29121001 52139546
17305017 29120941 52139546
17305017 29121031 52139636
17304927 29120941 52139606
17304927 29121001 52139546
17304927 29120941 52139576
17304927 29121001 52139636
17305017 29121001 52139606
17304987 29121001 52139636
17305017 29120971 52139606
17304957 29120941 52139636
17304957 29120971 52139606
17305017 29120941 52139576
17305017 29121031 52139606
17304927 29121001 52139606
17304927 29120941 52139546
17304987 29120941 52139576
17304987 29120971 52139546
17304987 29121031 52139606
17305017 29120971 52139576
17304957 29121001 52139606
17304957 29121031 52139636
17305017 29120971 52139636
17305017 29121001 52139546
17304927 29120971 52139606
17304927 29121031 52139546
17304987 29120941 52139546
17304987 29120971 52139576
17304987 29121001 52139576
17304987 29121031 52139636
17304957 29121001 52139636
17304957 29121001 52139546
=== heappop ===
17304957 29121001 52139606

17304965 29121009 52139599
17304935 29120994 52139584
17304950 29121009 52139584
17304935 29120979 52139584
17304950 29120979 52139599
17304935 29121009 52139599
17304950 29120979 52139584
17304950 29120979 52139614
17304965 29120979 52139614
17304965 29120994 52139584
17304935 29121009 52139584
17304950 29120994 52139614
17304950 29120994 52139584
17304965 29120979 52139599
17304935 29120994 52139599
17304950 29120994 52139599
17304935 29120994 52139614
17304935 29120979 52139614
17304935 29120979 52139599
17304965 29120994 52139599
17304965 29121009 52139584
17304957 29121001 52139606
17304965 29120994 52139614
17304935 29121009 52139614
17304950 29121009 52139599
17304965 29120979 52139584
17304950 29121009 52139614
17304965 29121009 52139614
=== heappop ===
17304965 29120994 52139614

17304975 29120990 52139603
17304975 29121004 52139617
17304968 29120990 52139624
17304961 29120983 52139624
17304961 29120997 52139603
17304975 29120997 52139617
17304961 29120983 52139603
17304954 29120990 52139603
17304975 29120990 52139624
17304975 29121004 52139610
17304968 29120990 52139610
17304968 29120983 52139624
17304968 29120997 52139610
17304961 29120990 52139624
17304954 29121004 52139610
17304961 29121004 52139610
17304968 29121004 52139610
17304975 29120983 52139603
17304975 29120983 52139617
17304961 29120990 52139603
17304961 29121004 52139617
17304968 29120983 52139603
17304968 29120990 52139617
17304954 29120997 52139617
17304954 29120983 52139603
17304954 29120997 52139603
17304954 29120983 52139617
17304954 29120990 52139624
17304961 29120983 52139617
17304968 29120997 52139617
17304975 29120990 52139610
17304975 29121004 52139624
17304961 29120997 52139624
17304975 29120997 52139610
17304968 29121004 52139624
17304954 29121004 52139624
17304968 29120990 52139603
17304954 29121004 52139603
17304968 29121004 52139603
17304954 29120990 52139610
17304975 29120990 52139617
17304975 29121004 52139603
17304961 29120997 52139610
17304961 29120990 52139610
17304961 29121004 52139624
17304968 29120983 52139610
17304968 29120997 52139624
17304965 29120994 52139614
17304954 29120983 52139610
17304954 29120983 52139624
17304954 29120997 52139610
17304954 29120997 52139624
17304961 29120983 52139610
17304975 29120997 52139624
17304975 29120983 52139610
17304975 29120983 52139624
17304968 29120983 52139617
17304968 29120997 52139603
17304961 29120990 52139617
17304961 29120997 52139617
17304961 29121004 52139603
17304968 29121004 52139617
17304975 29120997 52139603
17304954 29121004 52139617
17304954 29120990 52139617
=== heappop ===
17304961 29120997 52139624

17304962 29120995 52139628
17304962 29120998 52139625
17304965 29120998 52139628
17304959 29120995 52139622
17304956 29120998 52139619
17304962 29121001 52139628
17304959 29121001 52139622
17304956 29120992 52139625
17304956 29121001 52139619
17304965 29120992 52139619
17304965 29120995 52139625
17304965 29121001 52139628
17304956 29121001 52139628
17304959 29120995 52139619
17304959 29120998 52139625
17304959 29120992 52139622
17304962 29120995 52139625
17304962 29120998 52139622
17304956 29120998 52139622
17304962 29121001 52139625
17304965 29121001 52139625
17304962 29120992 52139622
17304956 29120995 52139628
17304959 29120995 52139628
17304956 29120992 52139628
17304959 29120998 52139628
17304965 29120992 52139628
17304956 29120992 52139619
17304965 29120995 52139628
17304956 29121001 52139625
17304962 29120998 52139619
17304959 29121001 52139625
17304956 29120998 52139625
17304959 29120992 52139619
17304962 29120992 52139619
17304961 29120997 52139624
17304959 29120995 52139625
17304962 29121001 52139622
17304962 29120995 52139622
17304965 29120998 52139619
17304959 29120992 52139628
17304965 29120995 52139619
17304956 29120995 52139625
17304959 29120998 52139619
17304956 29120995 52139622
17304965 29120992 52139625
17304965 29120998 52139622
17304956 29120992 52139622
17304965 29121001 52139622
17304959 29121001 52139628
17304956 29120998 52139628
17304962 29121001 52139619
17304962 29120992 52139628
17304959 29121001 52139619
17304962 29120995 52139619
17304959 29120992 52139625
17304959 29120998 52139622
17304962 29120998 52139628
17304956 29121001 52139622
17304965 29120998 52139625
17304965 29120992 52139622
17304965 29121001 52139619
17304965 29120995 52139622
17304956 29120995 52139619
17304962 29120992 52139625
=== heappop ===
17304962 29120998 52139625

17304964 29120998 52139625
17304960 29120998 52139627
17304963 29120997 52139626
17304960 29121000 52139626
17304964 29120998 52139627
17304963 29121000 52139623
17304961 29120996 52139626
17304963 29120997 52139624
17304960 29120996 52139627
17304960 29121000 52139624
17304962 29120998 52139623
17304960 29120998 52139623
17304961 29120996 52139624
17304960 29120996 52139625
17304962 29120996 52139623
17304963 29120998 52139626
17304962 29120997 52139627
17304963 29120998 52139624
17304964 29120999 52139623
17304962 29120997 52139625
17304961 29120998 52139624
17304960 29120999 52139627
17304961 29120998 52139626
17304964 29120999 52139627
17304960 29120999 52139625
17304960 29120996 52139623
17304962 29120998 52139627
17304964 29120999 52139625
17304960 29120999 52139623
17304962 29120999 52139624
17304962 29120998 52139625
17304963 29120996 52139624
17304962 29120999 52139626
17304963 29120996 52139626
17304964 29121000 52139626
17304962 29120997 52139623
17304960 29120997 52139624
17304964 29121000 52139624
17304964 29120997 52139624
17304960 29120997 52139626
17304963 29121000 52139624
17304964 29120997 52139626
17304961 29121000 52139626
17304962 29121000 52139624
17304963 29121000 52139626
17304961 29120997 52139624
17304964 29120996 52139626
17304961 29121000 52139624
17304962 29121000 52139626
17304961 29120997 52139626
17304964 29120996 52139624
17304961 29120999 52139627
17304962 29120996 52139624
17304963 29120999 52139624
17304963 29120997 52139623
17304961 29120999 52139625
17304962 29120996 52139626
17304963 29120998 52139623
17304963 29120999 52139626
17304960 29120998 52139624
17304963 29120997 52139627
17304960 29121000 52139627
17304964 29120998 52139624
17304960 29120998 52139626
17304963 29120997 52139625
17304960 29121000 52139625
17304964 29120998 52139626
17304961 29120996 52139627
17304960 29120996 52139626
17304960 29121000 52139623
17304961 29120996 52139625
17304961 29120999 52139623
17304960 29120996 52139624
17304961 29120996 52139623
17304962 29120997 52139626
17304963 29120996 52139623
17304963 29120998 52139627
17304962 29120997 52139624
17304963 29120998 52139625
17304960 29120999 52139626
17304961 29120998 52139625
17304964 29120999 52139626
17304960 29120999 52139624
17304962 29121000 52139623
17304961 29120998 52139627
17304964 29120999 52139624
17304962 29120998 52139626
17304962 29120999 52139625
17304962 29120998 52139624
17304963 29120996 52139625
17304961 29120998 52139623
17304964 29121000 52139627
17304962 29120999 52139627
17304963 29120996 52139627
17304963 29120999 52139623
17304964 29121000 52139625
17304964 29120997 52139623
17304960 29120997 52139625
17304961 29121000 52139623
17304964 29120997 52139625
17304960 29120997 52139627
17304962 29121000 52139625
17304963 29121000 52139625
17304961 29120997 52139625
17304964 29120996 52139627
17304964 29120997 52139627
17304961 29121000 52139627
17304962 29121000 52139627
17304963 29121000 52139627
17304961 29120997 52139627
17304964 29120996 52139625
17304960 29120997 52139623
17304961 29121000 52139625
17304964 29120996 52139623
17304962 29120996 52139625
17304963 29120999 52139625
17304964 29121000 52139623
17304961 29120997 52139623
17304961 29120999 52139626
17304962 29120999 52139623
17304962 29120996 52139627
17304963 29120999 52139627
17304961 29120999 52139624
17304964 29120998 52139623
17304960 29120998 52139625
=== heappop ===
17304964 29120999 52139625

17304965 29120999 52139626
17304964 29120998 52139625
17304965 29120999 52139625
17304965 29121000 52139626
17304964 29120998 52139624
17304965 29120999 52139624
17304964 29121000 52139626
17304965 29121000 52139624
17304964 29120998 52139626
17304964 29121000 52139625
17304965 29121000 52139625
17304964 29121000 52139624
17304965 29120998 52139626
17304963 29121000 52139624
17304963 29121000 52139625
17304963 29121000 52139626
17304963 29120998 52139626
17304963 29120998 52139624
17304963 29120998 52139625
17304963 29120999 52139625
17304964 29120999 52139626
17304965 29120998 52139624
17304963 29120999 52139624
17304965 29120998 52139625
17304964 29120999 52139624
17304963 29120999 52139626
17304964 29120999 52139625
=== heappop ===
17304965 29120999 52139625

17304965 29120999 52139626
17304964 29120998 52139625
17304966 29121000 52139625
17304965 29120999 52139625
17304965 29121000 52139626
17304966 29120999 52139624
17304964 29120998 52139624
17304966 29121000 52139624
17304965 29120999 52139624
17304966 29120999 52139625
17304964 29121000 52139626
17304966 29120998 52139626
17304965 29121000 52139624
17304966 29120999 52139626
17304964 29120998 52139626
17304964 29121000 52139625
17304966 29120998 52139625
17304966 29121000 52139626
17304965 29121000 52139625
17304964 29121000 52139624
17304966 29120998 52139624
17304964 29120999 52139624
17304964 29120999 52139626
17304965 29120998 52139624
17304965 29120998 52139625
17304965 29120998 52139626
17304964 29120999 52139625
=== heappop ===
17304965 29121000 52139624

17304966 29121000 52139625
17304965 29120999 52139625
17304964 29121001 52139624
17304966 29120999 52139624
17304966 29121000 52139624
17304965 29120999 52139624
17304964 29121001 52139625
17304966 29120999 52139625
17304965 29120999 52139623
17304965 29121000 52139624
17304964 29121000 52139625
17304965 29121000 52139625
17304964 29121000 52139624
17304965 29121001 52139625
17304965 29121000 52139623
17304966 29121001 52139625
17304965 29121001 52139624
17304966 29120999 52139623
17304964 29121001 52139623
17304966 29121001 52139624
17304964 29120999 52139623
17304966 29121001 52139623
17304965 29121001 52139623
17304964 29121000 52139623
17304964 29120999 52139624
17304966 29121000 52139623
17304964 29120999 52139625